<TICKER>;<PER>;<DATE>;<TIME>;<OPEN>;<HIGH>;<LOW>;<CLOSE>;<VOL>
AFLT;60;20210701;110000;68.6200000;68.8000000;68.1600000;68.3600000;1.539.490
AFLT;60;20210701;120000;68.3600000;68.4200000;68.1200000;68.3400000;633.330
AFLT;60;20210701;130000;68.3400000;68.4800000;68.2200000;68.2800000;593.230
AFLT;60;20210701;140000;68.3000000;68.7000000;68.2000000;68.4200000;895.240
AFLT;60;20210701;150000;68.4200000;68.5800000;68.2800000;68.3800000;498.810
AFLT;60;20210701;160000;68.3400000;68.4600000;68.1400000;68.3800000;657.610
AFLT;60;20210701;170000;68.3800000;68.5600000;68.3000000;68.5000000;358.390
AFLT;60;20210701;180000;68.4600000;68.6000000;68.3200000;68.3400000;323.160
AFLT;60;20210701;190000;68.3200000;68.5600000;68.3200000;68.4000000;368.730
AFLT;60;20210701;200000;68.4000000;68.6600000;68.2600000;68.4600000;173.050
AFLT;60;20210701;210000;68.4600000;68.5200000;68.3600000;68.4200000;102.780
AFLT;60;20210701;220000;68.5000000;68.5600000;68.3800000;68.5600000;86.830
AFLT;60;20210701;230000;68.5600000;68.6000000;68.4400000;68.5000000;158.600
AFLT;60;20210702;000000;68.5400000;68.6000000;68.5000000;68.5400000;124.850
AFLT;60;20210702;110000;68.5400000;68.8800000;68.2200000;68.7600000;1.646.770
AFLT;60;20210702;120000;68.7200000;68.8000000;68.4200000;68.4800000;660.870
AFLT;60;20210702;130000;68.4400000;68.7200000;68.4400000;68.6400000;315.330
AFLT;60;20210702;140000;68.6400000;68.7600000;68.5200000;68.6800000;300.290
AFLT;60;20210702;150000;68.6600000;68.7800000;68.5800000;68.6400000;426.630
AFLT;60;20210702;160000;68.6600000;68.8000000;68.6000000;68.7400000;467.090
AFLT;60;20210702;170000;68.7400000;68.7800000;68.5800000;68.5800000;299.560
AFLT;60;20210702;180000;68.5800000;68.7200000;68.5200000;68.6000000;445.250
AFLT;60;20210702;190000;68.6000000;68.7200000;68.5400000;68.7200000;444.290
AFLT;60;20210702;200000;68.7600000;68.7600000;68.6200000;68.6600000;87.950
AFLT;60;20210702;210000;68.6800000;68.7400000;68.6600000;68.7200000;87.680
AFLT;60;20210702;220000;68.7200000;68.7600000;68.6600000;68.7200000;102.150
AFLT;60;20210702;230000;68.7400000;68.7400000;68.6800000;68.6800000;87.320
AFLT;60;20210703;000000;68.7000000;68.7200000;68.5400000;68.5800000;188.640
AFLT;60;20210705;110000;68.6800000;69.4800000;68.6200000;69.2600000;3.221.950
AFLT;60;20210705;120000;69.2800000;69.3200000;69.2600000;69.2600000;639.970
AFLT;60;20210705;130000;69.2800000;69.2800000;69.0000000;69.1000000;905.250
AFLT;60;20210705;140000;69.0800000;69.2800000;69.0400000;69.2400000;256.280
AFLT;60;20210705;150000;69.2000000;69.2800000;69.1200000;69.1200000;321.840
AFLT;60;20210705;160000;69.1200000;69.1800000;69.0400000;69.0400000;144.830
AFLT;60;20210705;170000;69.0400000;69.1400000;69.0000000;69.0400000;424.840
AFLT;60;20210705;180000;69.0600000;69.1800000;69.0400000;69.1800000;416.770
AFLT;60;20210705;190000;69.1800000;69.1800000;69.0400000;69.0400000;245.450
AFLT;60;20210705;200000;69.0400000;69.1800000;69.0200000;69.1800000;58.580
AFLT;60;20210705;210000;69.1600000;69.3800000;69.1600000;69.3600000;276.330
AFLT;60;20210705;220000;69.3600000;69.3600000;69.2400000;69.2600000;113.490
AFLT;60;20210705;230000;69.2600000;69.3200000;69.2600000;69.3000000;60.710
AFLT;60;20210706;000000;69.3200000;69.4400000;69.2600000;69.3400000;286.170
AFLT;60;20210706;110000;69.4800000;69.6800000;69.2200000;69.3000000;1.225.280
AFLT;60;20210706;120000;69.3200000;69.3400000;68.7200000;69.0000000;1.621.860
AFLT;60;20210706;130000;69.0200000;69.0800000;68.7600000;68.7800000;478.540
AFLT;60;20210706;140000;68.7800000;68.9200000;68.5400000;68.8600000;1.222.970
AFLT;60;20210706;150000;68.8600000;68.9400000;68.7400000;68.8800000;316.620
AFLT;60;20210706;160000;68.8200000;68.9000000;68.2200000;68.2400000;1.360.150
AFLT;60;20210706;170000;68.2200000;68.5000000;68.2200000;68.4200000;781.610
AFLT;60;20210706;180000;68.4800000;68.5600000;68.2400000;68.3600000;1.113.230
AFLT;60;20210706;190000;68.3000000;68.4600000;68.2800000;68.3600000;353.750
AFLT;60;20210706;200000;68.2600000;68.4800000;68.2000000;68.4200000;318.740
AFLT;60;20210706;210000;68.4000000;68.4800000;68.4000000;68.4600000;42.960
AFLT;60;20210706;220000;68.4800000;68.6200000;68.4400000;68.5000000;165.550
AFLT;60;20210706;230000;68.5000000;68.6000000;68.4200000;68.5400000;149.060
AFLT;60;20210707;000000;68.5200000;68.5600000;68.4200000;68.5000000;93.810
AFLT;60;20210707;110000;68.5000000;68.8000000;68.4800000;68.7200000;504.480
AFLT;60;20210707;120000;68.7200000;68.7400000;68.3400000;68.4400000;605.470
AFLT;60;20210707;130000;68.4200000;68.6200000;68.2800000;68.6200000;255.900
AFLT;60;20210707;140000;68.6200000;68.8400000;68.5400000;68.8000000;343.180
AFLT;60;20210707;150000;68.7800000;68.7800000;68.5000000;68.6400000;407.050
AFLT;60;20210707;160000;68.6400000;68.6400000;68.5000000;68.5800000;1.056.260
AFLT;60;20210707;170000;68.5800000;68.6200000;68.3400000;68.4400000;604.100
AFLT;60;20210707;180000;68.4400000;68.5600000;68.3200000;68.5000000;590.440
AFLT;60;20210707;190000;68.5000000;68.5200000;68.3400000;68.4200000;539.030
AFLT;60;20210707;200000;68.5000000;68.5200000;68.0000000;68.3000000;690.040
AFLT;60;20210707;210000;68.3200000;68.3800000;68.2000000;68.3000000;220.640
AFLT;60;20210707;220000;68.3400000;68.3600000;68.2200000;68.3600000;95.680
AFLT;60;20210707;230000;68.3600000;68.3800000;68.3200000;68.3800000;103.050
AFLT;60;20210708;000000;68.3800000;68.4000000;68.3200000;68.3400000;40.770
AFLT;60;20210708;110000;68.2000000;68.4400000;68.0200000;68.0400000;1.001.770
AFLT;60;20210708;120000;68.0600000;68.3600000;67.8400000;68.3400000;1.757.640
AFLT;60;20210708;130000;68.3200000;68.3600000;68.1000000;68.2400000;496.810
AFLT;60;20210708;140000;68.2200000;68.3000000;68.0600000;68.2400000;464.780
AFLT;60;20210708;150000;68.2000000;68.2600000;68.0200000;68.1000000;338.630
AFLT;60;20210708;160000;68.1000000;68.1400000;67.7200000;67.8200000;659.820
AFLT;60;20210708;170000;67.8200000;67.9000000;67.5600000;67.8800000;1.201.330
AFLT;60;20210708;180000;67.9000000;67.9000000;67.6600000;67.8600000;909.530
AFLT;60;20210708;190000;67.8800000;67.9000000;67.8000000;67.8400000;596.020
AFLT;60;20210708;200000;67.8400000;68.1800000;67.6800000;68.1400000;600.360
AFLT;60;20210708;210000;68.1400000;68.4200000;68.0400000;68.3200000;505.370
AFLT;60;20210708;220000;68.3400000;68.7200000;68.3200000;68.4400000;549.890
AFLT;60;20210708;230000;68.5000000;68.6400000;68.4200000;68.6000000;261.060
AFLT;60;20210709;000000;68.6400000;68.6400000;68.4800000;68.5000000;217.220
AFLT;60;20210709;110000;68.6000000;68.7800000;68.4400000;68.4800000;778.960
AFLT;60;20210709;120000;68.5000000;68.6800000;68.4400000;68.6600000;398.230
AFLT;60;20210709;130000;68.6200000;68.6600000;68.4600000;68.4600000;449.040
AFLT;60;20210709;140000;68.4600000;68.5200000;68.1800000;68.4800000;658.990
AFLT;60;20210709;150000;68.4800000;68.7000000;68.4000000;68.7000000;474.550
AFLT;60;20210709;160000;68.7000000;68.7000000;68.6000000;68.6600000;552.250
AFLT;60;20210709;170000;68.6600000;69.1400000;68.6200000;68.9000000;3.269.400
AFLT;60;20210709;180000;68.9200000;69.1000000;68.6800000;68.9400000;578.640
AFLT;60;20210709;190000;68.9400000;68.9800000;68.8000000;68.9000000;596.860
AFLT;60;20210709;200000;68.9000000;69.0000000;68.7400000;68.8000000;91.660
AFLT;60;20210709;210000;68.8200000;68.8800000;68.8000000;68.8400000;54.810
AFLT;60;20210709;220000;68.8000000;68.9000000;68.7600000;68.9000000;116.700
AFLT;60;20210709;230000;68.9000000;68.9000000;68.6600000;68.7800000;115.970
AFLT;60;20210710;000000;68.7800000;68.8000000;68.7000000;68.7400000;95.680
AFLT;60;20210712;110000;68.8600000;68.9600000;68.4000000;68.6400000;1.012.500
AFLT;60;20210712;120000;68.6400000;68.7400000;68.5000000;68.6800000;298.920
AFLT;60;20210712;130000;68.7200000;68.7200000;68.5200000;68.5600000;294.000
AFLT;60;20210712;140000;68.5200000;68.7800000;68.4600000;68.7200000;447.970
AFLT;60;20210712;150000;68.7200000;68.9200000;68.6600000;68.7800000;418.120
AFLT;60;20210712;160000;68.7800000;68.8000000;68.6000000;68.7000000;266.090
AFLT;60;20210712;170000;68.7400000;68.8200000;68.6200000;68.6200000;202.110
AFLT;60;20210712;180000;68.6400000;68.7400000;68.6000000;68.7200000;186.750
AFLT;60;20210712;190000;68.7400000;68.8800000;68.7000000;68.8600000;263.440
AFLT;60;20210712;200000;68.8600000;68.8800000;68.7000000;68.8000000;81.000
AFLT;60;20210712;210000;68.7800000;68.8400000;68.7000000;68.7400000;75.390
AFLT;60;20210712;220000;68.7800000;68.8400000;68.7200000;68.8400000;58.310
AFLT;60;20210712;230000;68.8200000;68.8400000;68.7600000;68.8400000;50.330
AFLT;60;20210713;000000;68.8000000;68.8800000;68.8000000;68.8400000;67.460
AFLT;60;20210713;110000;68.9000000;69.0800000;68.6000000;68.7400000;1.211.460
AFLT;60;20210713;120000;68.7200000;68.7200000;68.2800000;68.3400000;1.239.580
AFLT;60;20210713;130000;68.3600000;68.5600000;68.3200000;68.3200000;578.400
AFLT;60;20210713;140000;68.3200000;68.4000000;68.2200000;68.3200000;640.180
AFLT;60;20210713;150000;68.3200000;68.4000000;68.2600000;68.2800000;408.710
AFLT;60;20210713;160000;68.2800000;68.4000000;68.2400000;68.3400000;310.180
AFLT;60;20210713;170000;68.3200000;68.3600000;68.2400000;68.3200000;433.080
AFLT;60;20210713;180000;68.3200000;68.5200000;68.2600000;68.3600000;377.830
AFLT;60;20210713;190000;68.3600000;68.4000000;68.2000000;68.4000000;629.180
AFLT;60;20210713;200000;68.4800000;68.4800000;68.1800000;68.2800000;145.770
AFLT;60;20210713;210000;68.2800000;68.6800000;68.2400000;68.4200000;364.150
AFLT;60;20210713;220000;68.4200000;68.5200000;68.4000000;68.4600000;54.820
AFLT;60;20210713;230000;68.4600000;68.4800000;68.3000000;68.3200000;56.820
AFLT;60;20210714;000000;68.3800000;68.4200000;68.2800000;68.2800000;32.020
AFLT;60;20210714;110000;68.2400000;68.3600000;67.8200000;67.9200000;1.723.320
AFLT;60;20210714;120000;67.9200000;68.0800000;67.8400000;67.8600000;632.060
AFLT;60;20210714;130000;67.8800000;68.0000000;67.8600000;67.8800000;957.830
AFLT;60;20210714;140000;67.8600000;68.0000000;67.8600000;67.9400000;507.530
AFLT;60;20210714;150000;67.9600000;68.1400000;67.8600000;68.0200000;749.320
AFLT;60;20210714;160000;68.0200000;68.3200000;67.9200000;68.1600000;1.015.200
AFLT;60;20210714;170000;68.1600000;68.3200000;67.9600000;68.1000000;777.300
AFLT;60;20210714;180000;68.0800000;68.1400000;67.9000000;67.9400000;433.060
AFLT;60;20210714;190000;67.9400000;68.1200000;67.9200000;67.9400000;504.260
AFLT;60;20210714;200000;67.8600000;68.1200000;67.8600000;68.1000000;136.450
AFLT;60;20210714;210000;68.1000000;68.1000000;68.0000000;68.0200000;81.050
AFLT;60;20210714;220000;68.0200000;68.1400000;67.9000000;68.0000000;140.030
AFLT;60;20210714;230000;68.0000000;68.0200000;67.8800000;67.9200000;119.380
AFLT;60;20210715;000000;67.9200000;68.1600000;67.8800000;68.0400000;264.940
AFLT;60;20210715;110000;68.1800000;68.2000000;67.6600000;67.8000000;1.279.240
AFLT;60;20210715;120000;67.8000000;68.3000000;67.7600000;68.1000000;1.240.310
AFLT;60;20210715;130000;68.1000000;68.2400000;68.0000000;68.0200000;250.890
AFLT;60;20210715;140000;68.0200000;68.0800000;67.9200000;68.0000000;184.290
AFLT;60;20210715;150000;68.0000000;68.0400000;67.8200000;67.9200000;276.740
AFLT;60;20210715;160000;67.9800000;67.9800000;67.8600000;67.9200000;167.240
AFLT;60;20210715;170000;67.9000000;67.9600000;67.8000000;67.8400000;459.420
AFLT;60;20210715;180000;67.8400000;67.8600000;67.6600000;67.8000000;770.550
AFLT;60;20210715;190000;67.8000000;67.9800000;67.7600000;67.9800000;674.970
AFLT;60;20210715;200000;67.9000000;68.0400000;67.9000000;67.9400000;120.910
AFLT;60;20210715;210000;67.9400000;68.0000000;67.7400000;67.8200000;107.040
AFLT;60;20210715;220000;67.8200000;67.8600000;67.6800000;67.8000000;263.820
AFLT;60;20210715;230000;67.8400000;67.8800000;67.7600000;67.8600000;68.970
AFLT;60;20210716;000000;67.8200000;67.9000000;67.7400000;67.7600000;44.460
AFLT;60;20210716;110000;67.7600000;67.9200000;67.5800000;67.6400000;609.640
AFLT;60;20210716;120000;67.6400000;67.6800000;67.2400000;67.4000000;1.266.510
AFLT;60;20210716;130000;67.4000000;67.4400000;67.2000000;67.2800000;909.340
AFLT;60;20210716;140000;67.2600000;67.3000000;66.6600000;67.1400000;2.893.270
AFLT;60;20210716;150000;67.1800000;67.2800000;66.9000000;67.2400000;750.710
AFLT;60;20210716;160000;67.2800000;67.2800000;67.1800000;67.2200000;434.940
AFLT;60;20210716;170000;67.2200000;67.2800000;66.8600000;66.9000000;731.290
AFLT;60;20210716;180000;66.9000000;66.9800000;66.7600000;66.8600000;885.690
AFLT;60;20210716;190000;66.8600000;66.9000000;66.6000000;66.6400000;1.409.180
AFLT;60;20210716;200000;66.6400000;67.0200000;66.6400000;66.8400000;718.340
AFLT;60;20210716;210000;66.8400000;66.8400000;66.7400000;66.7600000;126.620
AFLT;60;20210716;220000;66.7600000;66.8200000;66.7000000;66.7200000;108.250
AFLT;60;20210716;230000;66.7200000;66.7200000;66.6200000;66.6200000;127.660
AFLT;60;20210717;000000;66.6200000;66.7800000;66.6000000;66.7800000;155.750
AFLT;60;20210719;110000;66.5800000;66.6000000;66.0200000;66.1200000;2.322.120
AFLT;60;20210719;120000;66.1200000;66.4000000;65.8200000;66.2200000;1.730.360
AFLT;60;20210719;130000;66.2400000;66.5400000;66.1200000;66.5400000;848.460
AFLT;60;20210719;140000;66.5400000;66.7200000;66.4000000;66.4400000;611.140
AFLT;60;20210719;150000;66.4400000;66.4600000;65.8400000;66.1600000;1.121.310
AFLT;60;20210719;160000;66.1600000;66.4200000;65.9800000;66.3200000;932.880
AFLT;60;20210719;170000;66.3200000;66.4000000;66.1200000;66.1200000;445.950
AFLT;60;20210719;180000;66.1200000;66.1800000;65.8000000;66.0400000;952.500
AFLT;60;20210719;190000;66.0000000;66.2000000;66.0000000;66.2000000;779.970
AFLT;60;20210719;200000;66.2400000;66.5000000;66.0600000;66.4400000;574.480
AFLT;60;20210719;210000;66.4400000;66.4800000;66.1800000;66.2400000;187.230
AFLT;60;20210719;220000;66.2000000;66.2800000;66.0200000;66.1400000;157.230
AFLT;60;20210719;230000;66.1600000;66.2800000;66.0800000;66.2800000;113.670
AFLT;60;20210720;000000;66.2800000;66.7200000;66.2400000;66.7000000;442.910
AFLT;60;20210720;110000;66.8000000;67.2600000;66.8000000;66.8600000;1.387.420
AFLT;60;20210720;120000;66.8400000;67.2800000;66.7000000;67.1000000;1.646.590
AFLT;60;20210720;130000;67.1000000;68.0800000;66.9600000;67.6000000;2.656.840
AFLT;60;20210720;140000;67.5400000;67.5800000;67.2800000;67.3600000;356.510
AFLT;60;20210720;150000;67.4000000;67.6000000;67.2600000;67.4200000;630.040
AFLT;60;20210720;160000;67.4200000;67.5600000;67.3400000;67.3800000;412.510
AFLT;60;20210720;170000;67.3800000;67.5000000;67.0800000;67.4600000;472.060
AFLT;60;20210720;180000;67.4600000;67.6800000;67.4400000;67.6200000;686.820
AFLT;60;20210720;190000;67.6200000;67.9400000;67.5800000;67.8600000;756.130
AFLT;60;20210720;200000;67.6000000;68.0200000;67.6000000;67.6800000;258.700
AFLT;60;20210720;210000;67.6800000;67.6800000;67.5200000;67.6600000;84.320
AFLT;60;20210720;220000;67.6600000;67.7400000;67.6000000;67.6800000;72.420
AFLT;60;20210720;230000;67.6800000;67.7200000;67.6000000;67.6400000;81.570
AFLT;60;20210721;000000;67.6400000;67.7600000;67.6400000;67.6800000;123.360
AFLT;60;20210721;110000;68.0200000;68.0200000;67.6000000;67.7000000;688.070
AFLT;60;20210721;120000;67.7200000;67.7600000;67.2800000;67.6400000;714.370
AFLT;60;20210721;130000;67.6200000;67.6600000;67.2800000;67.4400000;371.790
AFLT;60;20210721;140000;67.4800000;67.6600000;67.3600000;67.6000000;322.110
AFLT;60;20210721;150000;67.5600000;67.6200000;67.3600000;67.5000000;679.010
AFLT;60;20210721;160000;67.5400000;67.6200000;67.3600000;67.3800000;428.420
AFLT;60;20210721;170000;67.3600000;67.3800000;67.2200000;67.3400000;447.130
AFLT;60;20210721;180000;67.3600000;67.5000000;67.3200000;67.4600000;324.740
AFLT;60;20210721;190000;67.4600000;67.5000000;67.4000000;67.4800000;167.130
AFLT;60;20210721;200000;67.4800000;67.4800000;67.2200000;67.3200000;148.680
AFLT;60;20210721;210000;67.3800000;67.5800000;67.3000000;67.5400000;175.200
AFLT;60;20210721;220000;67.5000000;67.8200000;67.5000000;67.6600000;224.560
AFLT;60;20210721;230000;67.6600000;67.7000000;67.5000000;67.5600000;62.520
AFLT;60;20210722;000000;67.5600000;67.8800000;67.5400000;67.8000000;260.190
AFLT;60;20210722;110000;67.7800000;67.7800000;66.7600000;67.2600000;2.783.700
AFLT;60;20210722;120000;67.2600000;67.4200000;67.1400000;67.2400000;594.010
AFLT;60;20210722;130000;67.2800000;67.4000000;67.2200000;67.3000000;183.770
AFLT;60;20210722;140000;67.3000000;67.3800000;67.2200000;67.3000000;243.570
AFLT;60;20210722;150000;67.2400000;67.3000000;67.1400000;67.2400000;366.250
AFLT;60;20210722;160000;67.2200000;67.2400000;66.9600000;67.1000000;1.285.020
AFLT;60;20210722;170000;67.1200000;67.2400000;67.0200000;67.0400000;241.320
AFLT;60;20210722;180000;67.0800000;67.2200000;66.9600000;67.1000000;571.780
AFLT;60;20210722;190000;67.1200000;67.2400000;67.0200000;67.1600000;654.080
AFLT;60;20210722;200000;67.2000000;67.2400000;67.0600000;67.1200000;133.890
AFLT;60;20210722;210000;67.1600000;67.2200000;67.1200000;67.1800000;59.010
AFLT;60;20210722;220000;67.1400000;67.2000000;67.1400000;67.1800000;79.840
AFLT;60;20210722;230000;67.1800000;67.2800000;67.1400000;67.2000000;119.770
AFLT;60;20210723;000000;67.2200000;67.2800000;67.2000000;67.2200000;54.900
AFLT;60;20210723;110000;67.2800000;67.3400000;66.9200000;67.0000000;581.360
AFLT;60;20210723;120000;67.0200000;67.1200000;66.8000000;67.0000000;483.790
AFLT;60;20210723;130000;66.9800000;67.0000000;66.8200000;66.8800000;306.740
AFLT;60;20210723;140000;66.8800000;66.9800000;66.8000000;66.9200000;263.800
AFLT;60;20210723;150000;66.9200000;67.2200000;66.8400000;67.1800000;263.720
AFLT;60;20210723;160000;67.1600000;67.1800000;66.8800000;66.9600000;310.430
AFLT;60;20210723;170000;66.9200000;67.0000000;66.8200000;66.8400000;477.270
AFLT;60;20210723;180000;66.8400000;67.0000000;66.8000000;66.9000000;228.220
AFLT;60;20210723;190000;66.9600000;67.0400000;66.8400000;66.8800000;331.590
AFLT;60;20210723;200000;66.9000000;67.0600000;66.9000000;67.0200000;128.940
AFLT;60;20210723;210000;67.0200000;67.0200000;66.9400000;66.9800000;61.330
AFLT;60;20210723;220000;66.9800000;67.0000000;66.9000000;66.9200000;60.190
AFLT;60;20210723;230000;66.9200000;67.0000000;66.9000000;66.9800000;99.600
AFLT;60;20210724;000000;66.9600000;67.0000000;66.9000000;66.9400000;57.060
AFLT;60;20210726;110000;66.6400000;67.0000000;66.5800000;66.8600000;792.690
AFLT;60;20210726;120000;66.9000000;66.9200000;66.2400000;66.3800000;988.460
AFLT;60;20210726;130000;66.3600000;66.7800000;66.3000000;66.6800000;429.640
AFLT;60;20210726;140000;66.6800000;66.8000000;66.3200000;66.4600000;582.960
AFLT;60;20210726;150000;66.4600000;66.5000000;66.3000000;66.3600000;734.440
AFLT;60;20210726;160000;66.3600000;66.5200000;66.3400000;66.4600000;172.940
AFLT;60;20210726;170000;66.4800000;66.5000000;66.1200000;66.1400000;1.416.860
AFLT;60;20210726;180000;66.1400000;66.2400000;66.0400000;66.1000000;1.104.590
AFLT;60;20210726;190000;66.1200000;66.2800000;66.0600000;66.0800000;1.024.000
AFLT;60;20210726;200000;66.0800000;66.1000000;66.0200000;66.0800000;467.920
AFLT;60;20210726;210000;66.0400000;66.2400000;66.0200000;66.1400000;280.550
AFLT;60;20210726;220000;66.1200000;66.2400000;66.1200000;66.2400000;134.940
AFLT;60;20210726;230000;66.2400000;66.3000000;66.1800000;66.2800000;220.110
AFLT;60;20210727;000000;66.2800000;66.4000000;66.2400000;66.4000000;116.000
AFLT;60;20210727;110000;66.4200000;66.4200000;66.0000000;66.1200000;540.970
AFLT;60;20210727;120000;66.1200000;66.2000000;66.0400000;66.1600000;392.310
AFLT;60;20210727;130000;66.1600000;66.1800000;66.1000000;66.1600000;290.140
AFLT;60;20210727;140000;66.1800000;66.2200000;66.0000000;66.1000000;1.452.250
AFLT;60;20210727;150000;66.1200000;66.2600000;65.7200000;66.2400000;1.668.050
AFLT;60;20210727;160000;66.2600000;66.4800000;66.0000000;66.1000000;591.810
AFLT;60;20210727;170000;66.0800000;66.2200000;66.0600000;66.0600000;275.380
AFLT;60;20210727;180000;66.0600000;66.1400000;65.9200000;66.1200000;372.860
AFLT;60;20210727;190000;66.1000000;66.3000000;66.0400000;66.3000000;301.260
AFLT;60;20210727;200000;66.2800000;66.2800000;66.1000000;66.2000000;141.640
AFLT;60;20210727;210000;66.1600000;66.2000000;66.0600000;66.1200000;86.620
AFLT;60;20210727;220000;66.1400000;66.1600000;66.0600000;66.1400000;92.250
AFLT;60;20210727;230000;66.1200000;66.1600000;66.0600000;66.1000000;40.070
AFLT;60;20210728;000000;66.1000000;66.2000000;66.0200000;66.1000000;72.760
AFLT;60;20210728;110000;66.3000000;66.9800000;66.1200000;66.7600000;2.131.100
AFLT;60;20210728;120000;66.7800000;66.8600000;66.6000000;66.7600000;516.010
AFLT;60;20210728;130000;66.7400000;67.2800000;66.6800000;67.2000000;1.312.960
AFLT;60;20210728;140000;67.2000000;67.2000000;66.8200000;67.0800000;514.680
AFLT;60;20210728;150000;67.0800000;67.2200000;66.9200000;67.0000000;578.050
AFLT;60;20210728;160000;67.0000000;67.1000000;66.9400000;67.0000000;87.070
AFLT;60;20210728;170000;66.9600000;67.2200000;66.9400000;67.0000000;497.220
AFLT;60;20210728;180000;67.0000000;67.0600000;66.8200000;66.9600000;180.280
AFLT;60;20210728;190000;66.9600000;67.2600000;66.9000000;67.2600000;590.150
AFLT;60;20210728;200000;67.2600000;67.3200000;67.0800000;67.2600000;206.160
AFLT;60;20210728;210000;67.2200000;67.3400000;67.2000000;67.3000000;252.240
AFLT;60;20210728;220000;67.3000000;67.3600000;67.2800000;67.3200000;211.710
AFLT;60;20210728;230000;67.3200000;67.3600000;67.3000000;67.3600000;153.980
AFLT;60;20210729;000000;67.3400000;67.4400000;67.3000000;67.4400000;164.500
AFLT;60;20210729;110000;67.4000000;67.6800000;67.1600000;67.6800000;1.342.450
AFLT;60;20210729;120000;67.6800000;67.7800000;67.3200000;67.4400000;957.060
AFLT;60;20210729;130000;67.4400000;67.5200000;67.2200000;67.2600000;773.780
AFLT;60;20210729;140000;67.2200000;67.3400000;67.0400000;67.3000000;720.960
AFLT;60;20210729;150000;67.3000000;67.5600000;67.2200000;67.5400000;756.720
AFLT;60;20210729;160000;67.5400000;67.5800000;67.3600000;67.3600000;201.030
AFLT;60;20210729;170000;67.4200000;67.5000000;67.2600000;67.3600000;214.940
AFLT;60;20210729;180000;67.3600000;67.5000000;67.3600000;67.5000000;164.200
AFLT;60;20210729;190000;67.5000000;67.5400000;67.4000000;67.5400000;383.430
AFLT;60;20210729;200000;67.5200000;67.5200000;67.1000000;67.2000000;210.960
AFLT;60;20210729;210000;67.2800000;67.2800000;67.2000000;67.2600000;73.940
AFLT;60;20210729;220000;67.2600000;67.2600000;67.1800000;67.2400000;86.490
AFLT;60;20210729;230000;67.2400000;67.2800000;67.1400000;67.2200000;54.810
AFLT;60;20210730;000000;67.2800000;67.3000000;67.1800000;67.2400000;31.500
AFLT;60;20210730;110000;67.1400000;67.5400000;66.7400000;67.0000000;1.283.450
AFLT;60;20210730;120000;66.9800000;67.1600000;66.9000000;67.0000000;485.810
AFLT;60;20210730;130000;67.0000000;67.2600000;66.8600000;66.9200000;475.270
AFLT;60;20210730;140000;66.9600000;67.1800000;66.7800000;67.1600000;337.990
AFLT;60;20210730;150000;67.1600000;67.2600000;67.0800000;67.2200000;184.280
AFLT;60;20210730;160000;67.2600000;67.5400000;67.2000000;67.3600000;615.600
AFLT;60;20210730;170000;67.3400000;67.5200000;67.3000000;67.3400000;526.140
AFLT;60;20210730;180000;67.3600000;67.5000000;67.0200000;67.3000000;1.054.150
AFLT;60;20210730;190000;67.3400000;67.4800000;67.2000000;67.4800000;461.750
AFLT;60;20210730;200000;67.4800000;67.6200000;67.2400000;67.5000000;309.480
AFLT;60;20210730;210000;67.5000000;67.5000000;67.3400000;67.4200000;58.740
AFLT;60;20210730;220000;67.4000000;67.4200000;67.1200000;67.2800000;105.490
AFLT;60;20210730;230000;67.2400000;67.2800000;67.0000000;67.1800000;146.040
AFLT;60;20210731;000000;67.1400000;67.2400000;67.0600000;67.1600000;77.690
AFLT;60;20210802;110000;67.4600000;67.8400000;67.2600000;67.5400000;1.201.340
AFLT;60;20210802;120000;67.5400000;67.7000000;67.3000000;67.6400000;515.830
AFLT;60;20210802;130000;67.6200000;67.9400000;67.6200000;67.7600000;944.320
AFLT;60;20210802;140000;67.7000000;67.8400000;67.3200000;67.3200000;494.220
AFLT;60;20210802;150000;67.3200000;67.5800000;67.3000000;67.4400000;264.850
AFLT;60;20210802;160000;67.4400000;67.5000000;67.3200000;67.3600000;170.750
AFLT;60;20210802;170000;67.4000000;67.4000000;67.1200000;67.4000000;518.250
AFLT;60;20210802;180000;67.4000000;67.4000000;66.9000000;66.9400000;700.330
AFLT;60;20210802;190000;66.9400000;67.3400000;66.3200000;66.4000000;4.030.900
AFLT;60;20210802;200000;66.5000000;66.6800000;66.4000000;66.6200000;264.620
AFLT;60;20210802;210000;66.6200000;66.8000000;66.5800000;66.7600000;200.580
AFLT;60;20210802;220000;66.7600000;66.8200000;66.7200000;66.8000000;94.610
AFLT;60;20210802;230000;66.8000000;66.8800000;66.7400000;66.7600000;129.970
AFLT;60;20210803;000000;66.7600000;66.8600000;66.7000000;66.7800000;84.060
AFLT;60;20210803;110000;66.9000000;67.1400000;66.6400000;66.9800000;865.100
AFLT;60;20210803;120000;67.0000000;67.1600000;66.8200000;66.9800000;524.100
AFLT;60;20210803;130000;66.9800000;67.1600000;66.9600000;67.0000000;261.550
AFLT;60;20210803;140000;66.9800000;67.0800000;66.8200000;67.0000000;329.620
AFLT;60;20210803;150000;67.0000000;67.3000000;66.9600000;67.2400000;430.270
AFLT;60;20210803;160000;67.2400000;67.3000000;66.8200000;66.9400000;352.660
AFLT;60;20210803;170000;66.9200000;67.1000000;66.6800000;66.7200000;482.100
AFLT;60;20210803;180000;66.7600000;67.0600000;66.7200000;66.9000000;234.620
AFLT;60;20210803;190000;66.9000000;66.9800000;66.7200000;66.7400000;264.150
AFLT;60;20210803;200000;66.9200000;67.0600000;66.7600000;66.9800000;125.360
AFLT;60;20210803;210000;66.9600000;67.0800000;66.8200000;66.8400000;44.770
AFLT;60;20210803;220000;66.9000000;67.0800000;66.8000000;67.0800000;140.860
AFLT;60;20210803;230000;67.0800000;67.3800000;66.9800000;67.3000000;210.320
AFLT;60;20210804;000000;67.3000000;67.3400000;67.1200000;67.2400000;116.520
AFLT;60;20210804;110000;67.3000000;67.4600000;66.9200000;67.0600000;659.550
AFLT;60;20210804;120000;67.0600000;67.2800000;67.0000000;67.0600000;548.080
AFLT;60;20210804;130000;67.1200000;67.2600000;66.9200000;66.9800000;292.580
AFLT;60;20210804;140000;67.0200000;67.0600000;66.7400000;66.8800000;637.520
AFLT;60;20210804;150000;66.9000000;66.9600000;66.6400000;66.8000000;718.530
AFLT;60;20210804;160000;66.7800000;66.9000000;66.7200000;66.8200000;476.970
AFLT;60;20210804;170000;66.8000000;66.9400000;66.6400000;66.9400000;447.720
AFLT;60;20210804;180000;66.9200000;67.0200000;66.7400000;66.8200000;738.560
AFLT;60;20210804;190000;66.8200000;67.0000000;66.7200000;66.9000000;368.250
AFLT;60;20210804;200000;66.9000000;66.9600000;66.7400000;66.8000000;163.590
AFLT;60;20210804;210000;66.7600000;66.8600000;66.7000000;66.7600000;80.260
AFLT;60;20210804;220000;66.8000000;66.8400000;66.7400000;66.7400000;45.470
AFLT;60;20210804;230000;66.7400000;66.8400000;66.7400000;66.8000000;101.580
AFLT;60;20210805;000000;66.8000000;66.8400000;66.7400000;66.7800000;46.370
AFLT;60;20210805;110000;66.7800000;67.1200000;66.6600000;66.9600000;763.420
AFLT;60;20210805;120000;66.9800000;67.5600000;66.9400000;67.4000000;1.617.420
AFLT;60;20210805;130000;67.4000000;67.5000000;67.2200000;67.5000000;573.670
AFLT;60;20210805;140000;67.5000000;67.5800000;67.3200000;67.3800000;442.820
AFLT;60;20210805;150000;67.3800000;67.5000000;67.2400000;67.3200000;457.310
AFLT;60;20210805;160000;67.3200000;67.4400000;67.1600000;67.3400000;347.140
AFLT;60;20210805;170000;67.3400000;67.4000000;67.1600000;67.2200000;423.440
AFLT;60;20210805;180000;67.2200000;67.4000000;67.1400000;67.3400000;189.220
AFLT;60;20210805;190000;67.3600000;67.3800000;66.9200000;66.9200000;1.621.430
AFLT;60;20210805;200000;67.0800000;67.1800000;66.9400000;67.1000000;189.320
AFLT;60;20210805;210000;67.1000000;67.1800000;67.0400000;67.1200000;220.350
AFLT;60;20210805;220000;67.1200000;67.3600000;66.9800000;67.2200000;430.990
AFLT;60;20210805;230000;67.2200000;67.3000000;67.1400000;67.3000000;99.010
AFLT;60;20210806;000000;67.2800000;67.3400000;67.2000000;67.3200000;91.330
AFLT;60;20210806;110000;67.3200000;67.4200000;66.9200000;67.1400000;773.100
AFLT;60;20210806;120000;67.1600000;67.2000000;66.9800000;67.0800000;352.040
AFLT;60;20210806;130000;67.0800000;67.1400000;67.0000000;67.1400000;239.550
AFLT;60;20210806;140000;67.1400000;67.1400000;67.0200000;67.0200000;106.800
AFLT;60;20210806;150000;67.0400000;67.1400000;67.0200000;67.1000000;187.240
AFLT;60;20210806;160000;67.1000000;67.1400000;66.9400000;66.9600000;490.700
AFLT;60;20210806;170000;66.9600000;66.9800000;66.8600000;66.8800000;499.680
AFLT;60;20210806;180000;66.9000000;67.0000000;66.8000000;66.9200000;813.230
AFLT;60;20210806;190000;66.9200000;66.9400000;66.7800000;66.8800000;419.100
AFLT;60;20210806;200000;66.9400000;66.9600000;66.7200000;66.8600000;130.720
AFLT;60;20210806;210000;66.9200000;66.9800000;66.8400000;66.9200000;94.080
AFLT;60;20210806;220000;66.9200000;66.9800000;66.8400000;66.8600000;63.120
AFLT;60;20210806;230000;66.8600000;66.9800000;66.8600000;66.9600000;80.030
AFLT;60;20210807;000000;66.9600000;66.9600000;66.8400000;66.8600000;83.900
AFLT;60;20210809;110000;66.9800000;67.2600000;66.7200000;67.0800000;769.990
AFLT;60;20210809;120000;67.1200000;67.1800000;66.8600000;67.0400000;763.390
AFLT;60;20210809;130000;67.0400000;67.0800000;67.0000000;67.0400000;190.290
AFLT;60;20210809;140000;67.0400000;67.1800000;66.9600000;67.1400000;743.340
AFLT;60;20210809;150000;67.1400000;67.1600000;67.0400000;67.1400000;145.920
AFLT;60;20210809;160000;67.1400000;67.2200000;67.0400000;67.1600000;587.240
AFLT;60;20210809;170000;67.1000000;67.2600000;67.0600000;67.0600000;318.460
AFLT;60;20210809;180000;67.0600000;67.1200000;67.0200000;67.0400000;357.200
AFLT;60;20210809;190000;67.0400000;67.0800000;66.9000000;67.0000000;510.550
AFLT;60;20210809;200000;67.0000000;67.0800000;66.9200000;67.0000000;87.690
AFLT;60;20210809;210000;67.0200000;67.1000000;66.9600000;67.1000000;106.390
AFLT;60;20210809;220000;67.1000000;67.1000000;66.9800000;67.0200000;96.250
AFLT;60;20210809;230000;67.0600000;67.0600000;66.9000000;67.0000000;139.480
AFLT;60;20210810;000000;66.9800000;67.0000000;66.8800000;66.9000000;125.130
AFLT;60;20210810;110000;67.1600000;67.1600000;66.9000000;66.9400000;954.170
AFLT;60;20210810;120000;66.9600000;67.0000000;66.8800000;67.0000000;380.950
AFLT;60;20210810;130000;67.0000000;67.0000000;66.9200000;66.9400000;146.950
AFLT;60;20210810;140000;66.9400000;67.1800000;66.9400000;67.1000000;367.050
AFLT;60;20210810;150000;67.1000000;67.3200000;67.0800000;67.1000000;807.770
AFLT;60;20210810;160000;67.1000000;67.1000000;67.0000000;67.0800000;387.940
AFLT;60;20210810;170000;67.0800000;67.2000000;67.0000000;67.0600000;461.220
AFLT;60;20210810;180000;67.0600000;67.2200000;67.0200000;67.0600000;400.130
AFLT;60;20210810;190000;67.0600000;67.1800000;67.0000000;67.1800000;302.140
AFLT;60;20210810;200000;67.1800000;67.2000000;67.0600000;67.1000000;130.420
AFLT;60;20210810;210000;67.1000000;67.1200000;67.0000000;67.0000000;105.570
AFLT;60;20210810;220000;67.0400000;67.0600000;66.9800000;67.0400000;97.120
AFLT;60;20210810;230000;67.0400000;67.0600000;67.0000000;67.0600000;50.230
AFLT;60;20210811;000000;67.0600000;67.0800000;67.0000000;67.0400000;123.200
AFLT;60;20210811;110000;67.1600000;67.2600000;67.0200000;67.1800000;458.450
AFLT;60;20210811;120000;67.1600000;67.2400000;67.0600000;67.1800000;313.310
AFLT;60;20210811;130000;67.1600000;67.2200000;67.1000000;67.2000000;246.210
AFLT;60;20210811;140000;67.2200000;67.2200000;67.0600000;67.1400000;165.610
AFLT;60;20210811;150000;67.1200000;67.1800000;67.0200000;67.0600000;184.430
AFLT;60;20210811;160000;67.0400000;67.1600000;67.0200000;67.1200000;184.700
AFLT;60;20210811;170000;67.1200000;67.2600000;67.0400000;67.2000000;452.980
AFLT;60;20210811;180000;67.2200000;67.2800000;67.1400000;67.1800000;414.510
AFLT;60;20210811;190000;67.1800000;67.1800000;66.9200000;66.9800000;464.820
AFLT;60;20210811;200000;67.0600000;67.0600000;66.9600000;67.0200000;118.670
AFLT;60;20210811;210000;67.0600000;67.1000000;66.9600000;67.0000000;246.720
AFLT;60;20210811;220000;67.0000000;67.1000000;66.9600000;67.0400000;150.180
AFLT;60;20210811;230000;67.0800000;67.1200000;67.0200000;67.1200000;86.350
AFLT;60;20210812;000000;67.1200000;67.1800000;67.0400000;67.1200000;151.080
AFLT;60;20210812;110000;67.1600000;67.3000000;67.0000000;67.0600000;616.580
AFLT;60;20210812;120000;67.0600000;67.1200000;66.8000000;67.1000000;629.780
AFLT;60;20210812;130000;67.0600000;67.1200000;66.9600000;67.1000000;880.450
AFLT;60;20210812;140000;67.1000000;67.1000000;66.9800000;67.0800000;140.770
AFLT;60;20210812;150000;67.0400000;67.1000000;66.9800000;67.0400000;93.450
AFLT;60;20210812;160000;67.0600000;67.1000000;66.9000000;67.0000000;362.550
AFLT;60;20210812;170000;66.9600000;67.1000000;66.9200000;67.0800000;317.190
AFLT;60;20210812;180000;67.0800000;67.1200000;66.9800000;67.0400000;160.230
AFLT;60;20210812;190000;67.0400000;67.0600000;66.9400000;67.0000000;161.620
AFLT;60;20210812;200000;67.0000000;67.0800000;66.9400000;66.9600000;102.960
AFLT;60;20210812;210000;66.9800000;67.0400000;66.9000000;67.0000000;152.380
AFLT;60;20210812;220000;67.0200000;67.0600000;66.9800000;67.0400000;80.360
AFLT;60;20210812;230000;67.0400000;67.1000000;66.9800000;67.0000000;115.420
AFLT;60;20210813;000000;67.0600000;67.0600000;67.0000000;67.0000000;18.420
AFLT;60;20210813;110000;67.1000000;67.1000000;66.5200000;66.7200000;847.980
AFLT;60;20210813;120000;66.7000000;66.9000000;66.5400000;66.8600000;298.090
AFLT;60;20210813;130000;66.8800000;66.9200000;66.8200000;66.9000000;81.850
AFLT;60;20210813;140000;66.9000000;66.9200000;66.7800000;66.9000000;553.790
AFLT;60;20210813;150000;66.9200000;67.0800000;66.8000000;66.9200000;571.450
AFLT;60;20210813;160000;66.9400000;67.0200000;66.9000000;67.0200000;142.720
AFLT;60;20210813;170000;67.0200000;67.0400000;66.8600000;66.9400000;159.590
AFLT;60;20210813;180000;66.9400000;66.9400000;66.7800000;66.9000000;139.790
AFLT;60;20210813;190000;66.9000000;66.9600000;66.7000000;66.7600000;251.700
AFLT;60;20210813;200000;66.8800000;66.8800000;66.7000000;66.8000000;79.920
AFLT;60;20210813;210000;66.8000000;66.8200000;66.7600000;66.8000000;32.520
AFLT;60;20210813;220000;66.8400000;66.8800000;66.8000000;66.8000000;70.070
AFLT;60;20210813;230000;66.8000000;66.8200000;66.7200000;66.8200000;55.720
AFLT;60;20210814;000000;66.8200000;66.8200000;66.7000000;66.8000000;62.940
AFLT;60;20210816;110000;66.7600000;66.8400000;66.4000000;66.6000000;1.283.920
AFLT;60;20210816;120000;66.6000000;66.8400000;66.5000000;66.7800000;356.530
AFLT;60;20210816;130000;66.7800000;66.8600000;66.7000000;66.8600000;297.020
AFLT;60;20210816;140000;66.8600000;66.9400000;66.7800000;66.8600000;234.150
AFLT;60;20210816;150000;66.8200000;66.9400000;66.7600000;66.8200000;243.410
AFLT;60;20210816;160000;66.8200000;66.8400000;66.7000000;66.7800000;163.480
AFLT;60;20210816;170000;66.8200000;66.9800000;66.7400000;66.8600000;263.130
AFLT;60;20210816;180000;66.8600000;66.9600000;66.8000000;66.8600000;323.150
AFLT;60;20210816;190000;66.9000000;66.9400000;66.7400000;66.8400000;316.090
AFLT;60;20210816;200000;66.9400000;66.9600000;66.7200000;66.8200000;202.700
AFLT;60;20210816;210000;66.8600000;66.9000000;66.8000000;66.8400000;67.690
AFLT;60;20210816;220000;66.8400000;66.9000000;66.8000000;66.8600000;39.290
AFLT;60;20210816;230000;66.8600000;66.9400000;66.8400000;66.9200000;34.080
AFLT;60;20210817;000000;66.9400000;66.9400000;66.8800000;66.9200000;69.800
AFLT;60;20210817;110000;66.9200000;67.3400000;66.7200000;67.0400000;1.419.390
AFLT;60;20210817;120000;67.0400000;67.1600000;66.9400000;67.1400000;398.890
AFLT;60;20210817;130000;67.1200000;67.1800000;67.0400000;67.0800000;232.810
AFLT;60;20210817;140000;67.0800000;67.1000000;66.9600000;67.0000000;248.870
AFLT;60;20210817;150000;67.0000000;67.0200000;66.8400000;66.9800000;489.720
AFLT;60;20210817;160000;66.9600000;67.0200000;66.8800000;66.9400000;339.890
AFLT;60;20210817;170000;66.9400000;67.0000000;66.9000000;66.9600000;215.380
AFLT;60;20210817;180000;66.9400000;67.1000000;66.9000000;67.0200000;315.320
AFLT;60;20210817;190000;67.0200000;67.1000000;67.0000000;67.0000000;281.440
AFLT;60;20210817;200000;67.0000000;67.0600000;66.9000000;66.9400000;65.530
AFLT;60;20210817;210000;66.9200000;67.0400000;66.9000000;67.0200000;108.880
AFLT;60;20210817;220000;67.0200000;67.0800000;66.9800000;67.0800000;50.250
AFLT;60;20210817;230000;67.0600000;67.0800000;67.0000000;67.0800000;96.680
AFLT;60;20210818;000000;67.0800000;67.1000000;66.9800000;67.0000000;123.170
AFLT;60;20210818;110000;67.0200000;68.9600000;67.0200000;68.5400000;7.311.920
AFLT;60;20210818;120000;68.6000000;69.1200000;68.3800000;68.8600000;5.138.630
AFLT;60;20210818;130000;68.8600000;69.3000000;68.5600000;68.6400000;2.520.160
AFLT;60;20210818;140000;68.6600000;68.7400000;68.2000000;68.4400000;1.818.120
AFLT;60;20210818;150000;68.4200000;68.6600000;68.3600000;68.5800000;529.760
AFLT;60;20210818;160000;68.6000000;68.9400000;68.5200000;68.8800000;1.155.070
AFLT;60;20210818;170000;68.8400000;68.9200000;68.3000000;68.6800000;993.740
AFLT;60;20210818;180000;68.6800000;68.7200000;68.4600000;68.5000000;522.040
AFLT;60;20210818;190000;68.5000000;68.6600000;68.3200000;68.6600000;934.240
AFLT;60;20210818;200000;68.6000000;68.7200000;68.3600000;68.6000000;380.540
AFLT;60;20210818;210000;68.6000000;68.6000000;68.4400000;68.5000000;201.390
AFLT;60;20210818;220000;68.4600000;68.5800000;68.4400000;68.5400000;213.570
AFLT;60;20210818;230000;68.5200000;68.5800000;68.4000000;68.4000000;173.510
AFLT;60;20210819;000000;68.4000000;68.4800000;67.8400000;67.9200000;471.130
AFLT;60;20210819;110000;68.0000000;68.0000000;66.5400000;66.6400000;3.813.630
AFLT;60;20210819;120000;66.7000000;66.9200000;66.3200000;66.8600000;4.504.720
AFLT;60;20210819;130000;66.8600000;67.3200000;66.7200000;67.2800000;1.421.670
AFLT;60;20210819;140000;67.2600000;67.3000000;67.1800000;67.2800000;595.800
AFLT;60;20210819;150000;67.2800000;67.2800000;66.9400000;67.0400000;461.090
AFLT;60;20210819;160000;67.0400000;67.1800000;67.0200000;67.0600000;216.250
AFLT;60;20210819;170000;67.1000000;67.5000000;67.0400000;67.4800000;722.690
AFLT;60;20210819;180000;67.4800000;67.7400000;67.3000000;67.4800000;867.400
AFLT;60;20210819;190000;67.5000000;67.5200000;67.3400000;67.4600000;350.500
AFLT;60;20210819;200000;67.4600000;67.5200000;67.1400000;67.3400000;136.530
AFLT;60;20210819;210000;67.3400000;67.4200000;67.3000000;67.3200000;72.160
AFLT;60;20210819;220000;67.3200000;67.3800000;67.1200000;67.1800000;221.760
AFLT;60;20210819;230000;67.1800000;67.2800000;67.1200000;67.1800000;123.980
AFLT;60;20210820;000000;67.1800000;67.2400000;67.1400000;67.2000000;56.530
AFLT;60;20210820;110000;67.1800000;67.5000000;67.1400000;67.4000000;571.310
AFLT;60;20210820;120000;67.4000000;67.4200000;67.1200000;67.1800000;427.880
AFLT;60;20210820;130000;67.1800000;67.4000000;67.1200000;67.3000000;364.090
AFLT;60;20210820;140000;67.3600000;67.4800000;67.2600000;67.4000000;319.980
AFLT;60;20210820;150000;67.4000000;67.4400000;67.2400000;67.2800000;269.400
AFLT;60;20210820;160000;67.2400000;67.3600000;67.2000000;67.3000000;236.390
AFLT;60;20210820;170000;67.3600000;67.4200000;67.2000000;67.3800000;262.550
AFLT;60;20210820;180000;67.4000000;67.5000000;67.3400000;67.4000000;337.820
AFLT;60;20210820;190000;67.4000000;67.4400000;67.3200000;67.3200000;196.160
AFLT;60;20210820;200000;67.3200000;67.4600000;67.3000000;67.3200000;44.630
AFLT;60;20210820;210000;67.3600000;67.4200000;67.2000000;67.2400000;109.450
AFLT;60;20210820;220000;67.2800000;67.3000000;67.1800000;67.2200000;80.390
AFLT;60;20210820;230000;67.2200000;67.3200000;67.1400000;67.2600000;42.620
AFLT;60;20210821;000000;67.2000000;67.3000000;67.1400000;67.1400000;84.910
AFLT;60;20210823;110000;67.3800000;68.1800000;67.3000000;68.1800000;1.524.650
AFLT;60;20210823;120000;68.1600000;68.2000000;67.8200000;68.0000000;633.210
AFLT;60;20210823;130000;68.0000000;68.3200000;67.9000000;68.2800000;789.000
AFLT;60;20210823;140000;68.2800000;68.6400000;68.2000000;68.5400000;1.568.210
AFLT;60;20210823;150000;68.5400000;68.7800000;68.4400000;68.6400000;833.490
AFLT;60;20210823;160000;68.6200000;68.8000000;68.3600000;68.4800000;511.650
AFLT;60;20210823;170000;68.4000000;68.4800000;68.2000000;68.3200000;800.840
AFLT;60;20210823;180000;68.4000000;68.4400000;68.3000000;68.4000000;369.070
AFLT;60;20210823;190000;68.4200000;68.4200000;68.3000000;68.3000000;449.370
AFLT;60;20210823;200000;68.3000000;68.4800000;68.3000000;68.4600000;125.760
AFLT;60;20210823;210000;68.4600000;68.5600000;68.4000000;68.4000000;144.460
AFLT;60;20210823;220000;68.4200000;68.4600000;68.3000000;68.3600000;96.470
AFLT;60;20210823;230000;68.3000000;68.3600000;68.2400000;68.2600000;54.590
AFLT;60;20210824;000000;68.2600000;68.4800000;68.2400000;68.4400000;81.540
AFLT;60;20210824;110000;68.5800000;68.7200000;68.2000000;68.3400000;1.720.460
AFLT;60;20210824;120000;68.3400000;68.4000000;67.8400000;68.1800000;1.266.330
AFLT;60;20210824;130000;68.1800000;68.3800000;68.1000000;68.1200000;346.110
AFLT;60;20210824;140000;68.1800000;68.4000000;68.1200000;68.3800000;211.020
AFLT;60;20210824;150000;68.3800000;68.4000000;68.1000000;68.1800000;364.120
AFLT;60;20210824;160000;68.2400000;68.2400000;68.0000000;68.0800000;312.580
AFLT;60;20210824;170000;68.0800000;68.1400000;67.9200000;68.1000000;431.430
AFLT;60;20210824;180000;68.1000000;68.2000000;68.0600000;68.2000000;237.130
AFLT;60;20210824;190000;68.2000000;68.2600000;68.0800000;68.1400000;262.650
AFLT;60;20210824;200000;68.3800000;68.3800000;68.1600000;68.2800000;65.080
AFLT;60;20210824;210000;68.2400000;68.2800000;68.1800000;68.1800000;101.270
AFLT;60;20210824;220000;68.1800000;68.2400000;68.1000000;68.1800000;75.020
AFLT;60;20210824;230000;68.1800000;68.1800000;68.1000000;68.1600000;90.860
AFLT;60;20210825;000000;68.1400000;68.3000000;68.1000000;68.2800000;49.290
AFLT;60;20210825;110000;68.3000000;68.4200000;68.0600000;68.4000000;470.530
AFLT;60;20210825;120000;68.4000000;68.5800000;68.3000000;68.3600000;767.270
AFLT;60;20210825;130000;68.3600000;68.4000000;68.3000000;68.3800000;255.220
AFLT;60;20210825;140000;68.3600000;68.4200000;68.3200000;68.3800000;132.680
AFLT;60;20210825;150000;68.3800000;68.4000000;68.3400000;68.3400000;276.390
AFLT;60;20210825;160000;68.3800000;68.3800000;68.3400000;68.3600000;136.760
AFLT;60;20210825;170000;68.3600000;68.4000000;68.2600000;68.2600000;375.440
AFLT;60;20210825;180000;68.2600000;68.3600000;68.2600000;68.3000000;211.060
AFLT;60;20210825;190000;68.3000000;68.3400000;68.2600000;68.3200000;210.340
AFLT;60;20210825;200000;68.3200000;68.3800000;68.2000000;68.2600000;110.240
AFLT;60;20210825;210000;68.2600000;68.2600000;68.1200000;68.1800000;67.870
AFLT;60;20210825;220000;68.1800000;68.2200000;68.0400000;68.1600000;113.800
AFLT;60;20210825;230000;68.2000000;68.2400000;68.1200000;68.1400000;37.040
AFLT;60;20210826;000000;68.1400000;68.2200000;68.1000000;68.2200000;53.660
AFLT;60;20210826;110000;68.2600000;68.4000000;67.9200000;68.2400000;830.860
AFLT;60;20210826;120000;68.2600000;68.3800000;68.1800000;68.3400000;222.630
AFLT;60;20210826;130000;68.3200000;68.3400000;68.1200000;68.2400000;232.190
AFLT;60;20210826;140000;68.2000000;68.3000000;67.9400000;67.9800000;710.230
AFLT;60;20210826;150000;67.9800000;68.0000000;67.8200000;67.9000000;288.360
AFLT;60;20210826;160000;67.9200000;67.9600000;67.7200000;67.8400000;239.880
AFLT;60;20210826;170000;67.8400000;67.9000000;67.8000000;67.8600000;228.850
AFLT;60;20210826;180000;67.8800000;67.9200000;67.6800000;67.7800000;347.710
AFLT;60;20210826;190000;67.7800000;68.2800000;67.7200000;68.2000000;713.000
AFLT;60;20210826;200000;68.2000000;68.2000000;68.0000000;68.0400000;77.240
AFLT;60;20210826;210000;68.0000000;68.1000000;67.9400000;68.0600000;84.900
AFLT;60;20210826;220000;68.0600000;68.0800000;67.9000000;67.9200000;109.210
AFLT;60;20210826;230000;67.9400000;68.1000000;67.8600000;68.0200000;191.770
AFLT;60;20210827;000000;67.9800000;68.1000000;67.9800000;68.0600000;55.250
AFLT;60;20210827;110000;68.0600000;68.2400000;67.8200000;67.9800000;626.020
AFLT;60;20210827;120000;68.0200000;68.1600000;67.4600000;67.5400000;937.140
AFLT;60;20210827;130000;67.5600000;67.9000000;67.5600000;67.8000000;395.800
AFLT;60;20210827;140000;67.8000000;68.0600000;67.7600000;68.0200000;383.210
AFLT;60;20210827;150000;68.0200000;68.1000000;67.8800000;67.9800000;325.380
AFLT;60;20210827;160000;67.9400000;68.1200000;67.8600000;68.0000000;316.360
AFLT;60;20210827;170000;68.0000000;68.1200000;67.9200000;67.9600000;312.930
AFLT;60;20210827;180000;67.9400000;68.3000000;67.9200000;68.2800000;562.110
AFLT;60;20210827;190000;68.3000000;69.1200000;68.2800000;68.8800000;2.317.630
AFLT;60;20210827;200000;68.7600000;69.0400000;68.6000000;68.7000000;437.460
AFLT;60;20210827;210000;68.7000000;68.8200000;68.6000000;68.8200000;156.950
AFLT;60;20210827;220000;68.8000000;68.8800000;68.7400000;68.8400000;205.750
AFLT;60;20210827;230000;68.8400000;68.9400000;68.7000000;68.7200000;504.600
AFLT;60;20210828;000000;68.7200000;68.7600000;68.6400000;68.6400000;115.900
AFLT;60;20210830;110000;68.8000000;69.6000000;68.7000000;69.3400000;5.101.700
AFLT;60;20210830;120000;69.3200000;69.7400000;69.2800000;69.6600000;2.217.500
AFLT;60;20210830;130000;69.6800000;69.8600000;69.4000000;69.4400000;2.006.320
AFLT;60;20210830;140000;69.4000000;69.6400000;69.3000000;69.3400000;1.349.680
AFLT;60;20210830;150000;69.3400000;69.6000000;69.0800000;69.5400000;981.820
AFLT;60;20210830;160000;69.5400000;69.6000000;69.2600000;69.3800000;853.060
AFLT;60;20210830;170000;69.4200000;69.4800000;69.1200000;69.1200000;500.730
AFLT;60;20210830;180000;69.1400000;69.2800000;69.0800000;69.1800000;726.190
AFLT;60;20210830;190000;69.1800000;69.2400000;69.0200000;69.0600000;694.860
AFLT;60;20210830;200000;69.0600000;69.2400000;68.7000000;69.0600000;714.580
AFLT;60;20210830;210000;69.0800000;69.3200000;69.0400000;69.3000000;492.120
AFLT;60;20210830;220000;69.3000000;69.3800000;69.2000000;69.3200000;142.760
AFLT;60;20210830;230000;69.3200000;69.3200000;69.1600000;69.2200000;95.010
AFLT;60;20210831;000000;69.2200000;69.3000000;69.1800000;69.2800000;58.630
AFLT;60;20210831;110000;69.3000000;69.7200000;69.1200000;69.5000000;1.798.320
AFLT;60;20210831;120000;69.5000000;69.5600000;69.2400000;69.3800000;710.240
AFLT;60;20210831;130000;69.3800000;69.5200000;69.3200000;69.4000000;571.490
AFLT;60;20210831;140000;69.3800000;69.7000000;69.0600000;69.5000000;1.974.680
AFLT;60;20210831;150000;69.5400000;69.7800000;69.5000000;69.6200000;802.050
AFLT;60;20210831;160000;69.6400000;69.6600000;69.4200000;69.4200000;433.630
AFLT;60;20210831;170000;69.4400000;69.5800000;69.3800000;69.4800000;934.020
AFLT;60;20210831;180000;69.4800000;69.6000000;69.3200000;69.4000000;664.400
AFLT;60;20210831;190000;69.3200000;69.6000000;69.2800000;69.2800000;1.093.780
AFLT;60;20210831;200000;69.4600000;69.5200000;69.2200000;69.4600000;146.490
AFLT;60;20210831;210000;69.4000000;69.5400000;69.3000000;69.3000000;184.330
AFLT;60;20210831;220000;69.3600000;69.5000000;69.3000000;69.4800000;87.960
AFLT;60;20210831;230000;69.4800000;69.4800000;69.3600000;69.3600000;56.070
AFLT;60;20210901;000000;69.3600000;69.4200000;69.3000000;69.3200000;67.280
AFLT;60;20210901;110000;69.5000000;70.1000000;69.4400000;69.9800000;2.278.070
AFLT;60;20210901;120000;70.0400000;70.3800000;69.9000000;70.1200000;3.177.840
AFLT;60;20210901;130000;70.1200000;70.3600000;69.9800000;70.2400000;1.023.840
AFLT;60;20210901;140000;70.2400000;70.3400000;69.7800000;70.0000000;1.429.440
AFLT;60;20210901;150000;70.0000000;70.0000000;69.4600000;69.5400000;1.409.660
AFLT;60;20210901;160000;69.5200000;69.6000000;69.1600000;69.2800000;1.380.850
AFLT;60;20210901;170000;69.3000000;69.3800000;69.2000000;69.3200000;608.680
AFLT;60;20210901;180000;69.3800000;69.6400000;69.3200000;69.6200000;435.880
AFLT;60;20210901;190000;69.6000000;69.6400000;69.4400000;69.4400000;511.180
AFLT;60;20210901;200000;69.5800000;69.6000000;69.3000000;69.4600000;185.580
AFLT;60;20210901;210000;69.4200000;69.4400000;69.2000000;69.4400000;424.190
AFLT;60;20210901;220000;69.4400000;69.5000000;69.3600000;69.4800000;145.010
AFLT;60;20210901;230000;69.4800000;69.5000000;69.3000000;69.4200000;191.340
AFLT;60;20210902;000000;69.4000000;69.5600000;69.3000000;69.4800000;174.360
AFLT;60;20210902;110000;69.4400000;69.6600000;69.1200000;69.3400000;1.195.260
AFLT;60;20210902;120000;69.3800000;69.5000000;69.3400000;69.4400000;367.490
AFLT;60;20210902;130000;69.4400000;69.4600000;69.3000000;69.4000000;418.390
AFLT;60;20210902;140000;69.3600000;69.8200000;69.3600000;69.6200000;1.281.460
AFLT;60;20210902;150000;69.6800000;69.8000000;69.5200000;69.6400000;492.210
AFLT;60;20210902;160000;69.6200000;69.8400000;69.6000000;69.7400000;283.510
AFLT;60;20210902;170000;69.7400000;69.8600000;69.7000000;69.7600000;461.580
AFLT;60;20210902;180000;69.7800000;69.9000000;69.5600000;69.7800000;1.056.160
AFLT;60;20210902;190000;69.7200000;69.7600000;69.5200000;69.5800000;395.630
AFLT;60;20210902;200000;69.5800000;69.7400000;69.4200000;69.7400000;171.730
AFLT;60;20210902;210000;69.7200000;69.8000000;69.4000000;69.5200000;184.210
AFLT;60;20210902;220000;69.4200000;69.5600000;69.3400000;69.4000000;155.450
AFLT;60;20210902;230000;69.3600000;69.4800000;69.3000000;69.4000000;75.610
AFLT;60;20210903;000000;69.4000000;69.5600000;69.3200000;69.4200000;70.570
AFLT;60;20210903;110000;69.4600000;69.9800000;69.3800000;69.6800000;1.275.200
AFLT;60;20210903;120000;69.6800000;69.6800000;69.4000000;69.6000000;672.450
AFLT;60;20210903;130000;69.6000000;69.7800000;69.5400000;69.7200000;496.200
AFLT;60;20210903;140000;69.7000000;69.8000000;69.5200000;69.6000000;335.230
AFLT;60;20210903;150000;69.6000000;69.6000000;69.4400000;69.5000000;361.840
AFLT;60;20210903;160000;69.5000000;69.8000000;69.4800000;69.6000000;565.530
AFLT;60;20210903;170000;69.6000000;69.6600000;69.2200000;69.2200000;812.990
AFLT;60;20210903;180000;69.2800000;69.4800000;69.2200000;69.4800000;518.550
AFLT;60;20210903;190000;69.4800000;69.4800000;69.2800000;69.4000000;435.170
AFLT;60;20210903;200000;69.3000000;69.4000000;69.3000000;69.3200000;73.600
AFLT;60;20210903;210000;69.3200000;69.3600000;69.2800000;69.3600000;80.030
AFLT;60;20210903;220000;69.3600000;69.3800000;69.1800000;69.3000000;223.670
AFLT;60;20210903;230000;69.3200000;69.3400000;69.2600000;69.3200000;150.480
AFLT;60;20210904;000000;69.2800000;69.4800000;69.2800000;69.4000000;304.890
AFLT;60;20210906;110000;69.5000000;69.7200000;69.3200000;69.5000000;940.970
AFLT;60;20210906;120000;69.5400000;69.5600000;69.3000000;69.3400000;335.980
AFLT;60;20210906;130000;69.3800000;69.4000000;69.1800000;69.2600000;517.650
AFLT;60;20210906;140000;69.3000000;69.3600000;69.0200000;69.1000000;966.840
AFLT;60;20210906;150000;69.1000000;69.1600000;68.8600000;68.9400000;891.260
AFLT;60;20210906;160000;68.9400000;69.0400000;68.6600000;68.9000000;1.608.690
AFLT;60;20210906;170000;68.9000000;69.1800000;68.8400000;69.0200000;738.610
AFLT;60;20210906;180000;69.0200000;69.0200000;68.7400000;68.9000000;494.420
AFLT;60;20210906;190000;68.9000000;68.9400000;68.7200000;68.8400000;404.900
AFLT;60;20210906;200000;68.8400000;69.1600000;68.8200000;69.1000000;234.320
AFLT;60;20210906;210000;69.1000000;69.1000000;68.8400000;69.0200000;157.210
AFLT;60;20210906;220000;68.9800000;69.0400000;68.8000000;68.8600000;151.120
AFLT;60;20210906;230000;68.8800000;68.9800000;68.8600000;68.8800000;69.080
AFLT;60;20210907;000000;68.9200000;68.9400000;68.8000000;68.8000000;109.690
AFLT;60;20210907;110000;68.7400000;69.0000000;68.1000000;68.1800000;2.877.270
AFLT;60;20210907;120000;68.1800000;68.4400000;67.8800000;68.3600000;1.643.810
AFLT;60;20210907;130000;68.3600000;68.4200000;68.1400000;68.2800000;400.180
AFLT;60;20210907;140000;68.2400000;68.4600000;68.2000000;68.4000000;339.270
AFLT;60;20210907;150000;68.4400000;69.1200000;68.4000000;68.9200000;1.839.660
AFLT;60;20210907;160000;68.9200000;68.9600000;68.8000000;68.8000000;215.200
AFLT;60;20210907;170000;68.8600000;68.8600000;68.5600000;68.7000000;618.430
AFLT;60;20210907;180000;68.7000000;68.7000000;68.0200000;68.2000000;3.495.000
AFLT;60;20210907;190000;68.2400000;68.2600000;68.0000000;68.0800000;770.040
AFLT;60;20210907;200000;68.0800000;68.3600000;68.0400000;68.2600000;236.840
AFLT;60;20210907;210000;68.2200000;68.3200000;68.1400000;68.1600000;236.040
AFLT;60;20210907;220000;68.2200000;68.2400000;68.1000000;68.1800000;77.080
AFLT;60;20210907;230000;68.1800000;68.2600000;68.1800000;68.2200000;47.270
AFLT;60;20210908;000000;68.1800000;68.2600000;68.1400000;68.1600000;54.320
AFLT;60;20210908;110000;68.1600000;68.1600000;67.0400000;67.4200000;4.478.530
AFLT;60;20210908;120000;67.4200000;67.6000000;67.1000000;67.5400000;1.180.010
AFLT;60;20210908;130000;67.5400000;67.7600000;67.4400000;67.6000000;816.950
AFLT;60;20210908;140000;67.5400000;67.7800000;67.4600000;67.7000000;396.320
AFLT;60;20210908;150000;67.7000000;67.7600000;67.4800000;67.5800000;390.010
AFLT;60;20210908;160000;67.5600000;67.6200000;67.1600000;67.3400000;1.726.000
AFLT;60;20210908;170000;67.3400000;67.5400000;67.2600000;67.3400000;855.860
AFLT;60;20210908;180000;67.3400000;67.4200000;67.0400000;67.2400000;1.296.060
AFLT;60;20210908;190000;67.2400000;67.3600000;67.1600000;67.2400000;546.210
AFLT;60;20210908;200000;67.3600000;67.3800000;67.2000000;67.2400000;171.020
AFLT;60;20210908;210000;67.2200000;67.3400000;67.2000000;67.3200000;214.710
AFLT;60;20210908;220000;67.3200000;67.3600000;67.2800000;67.3600000;96.870
AFLT;60;20210908;230000;67.3400000;67.5000000;67.3200000;67.4800000;395.330
AFLT;60;20210909;000000;67.4800000;67.5000000;67.3800000;67.4400000;80.600
AFLT;60;20210909;110000;67.4000000;67.4000000;66.7600000;67.0600000;2.474.450
AFLT;60;20210909;120000;67.0400000;67.0600000;66.7600000;66.8000000;1.004.170
AFLT;60;20210909;130000;66.8000000;66.9800000;66.7000000;66.7600000;722.510
AFLT;60;20210909;140000;66.7600000;66.9400000;66.7000000;66.8400000;455.040
AFLT;60;20210909;150000;66.8000000;66.8600000;66.7200000;66.8200000;462.090
AFLT;60;20210909;160000;66.8200000;66.9400000;66.6000000;66.6000000;1.075.200
AFLT;60;20210909;170000;66.6200000;66.7400000;66.5800000;66.6600000;565.210
AFLT;60;20210909;180000;66.7000000;66.7800000;66.6000000;66.7200000;859.740
AFLT;60;20210909;190000;66.7400000;66.7600000;66.6000000;66.6200000;796.440
AFLT;60;20210909;200000;66.5600000;66.9400000;66.5600000;66.8200000;299.750
AFLT;60;20210909;210000;66.8200000;66.8600000;66.6200000;66.6600000;185.470
AFLT;60;20210909;220000;66.7400000;66.8000000;66.6000000;66.8000000;92.950
AFLT;60;20210909;230000;66.8000000;66.8600000;66.7200000;66.8000000;244.850
AFLT;60;20210910;000000;66.7800000;66.8200000;66.7000000;66.7400000;82.010
AFLT;60;20210910;110000;66.7200000;67.2600000;66.7000000;67.0400000;1.284.470
AFLT;60;20210910;120000;67.0800000;67.5000000;67.0200000;67.4200000;805.610
AFLT;60;20210910;130000;67.4200000;67.4800000;67.1600000;67.1600000;443.930
AFLT;60;20210910;140000;67.1800000;67.3600000;67.1000000;67.2800000;405.790
AFLT;60;20210910;150000;67.2600000;67.3000000;67.1600000;67.2000000;187.270
AFLT;60;20210910;160000;67.1800000;67.2400000;67.0000000;67.1400000;426.960
AFLT;60;20210910;170000;67.1400000;67.1800000;66.7400000;66.8600000;749.640
AFLT;60;20210910;180000;66.8800000;67.2000000;66.8200000;67.0400000;458.020
AFLT;60;20210910;190000;67.0200000;67.1200000;66.9000000;66.9000000;325.090
AFLT;60;20210910;200000;66.9000000;67.1800000;66.9000000;67.1000000;204.200
AFLT;60;20210910;210000;67.1000000;67.1800000;67.0400000;67.1000000;128.180
AFLT;60;20210910;220000;67.0600000;67.1200000;67.0400000;67.0400000;88.200
AFLT;60;20210910;230000;67.0600000;67.1000000;66.9800000;67.0000000;89.420
AFLT;60;20210911;000000;67.0200000;67.0200000;66.9000000;66.9800000;110.140
AFLT;60;20210913;110000;67.1200000;67.3600000;66.9600000;67.0800000;861.410
AFLT;60;20210913;120000;67.0800000;67.2000000;67.0000000;67.1200000;321.400
AFLT;60;20210913;130000;67.1800000;67.5200000;67.1000000;67.4800000;920.060
AFLT;60;20210913;140000;67.4400000;67.5800000;67.3200000;67.3600000;678.100
AFLT;60;20210913;150000;67.3800000;67.4400000;67.3000000;67.3200000;212.780
AFLT;60;20210913;160000;67.3000000;67.4400000;67.2400000;67.2600000;415.550
AFLT;60;20210913;170000;67.2600000;67.3200000;67.0400000;67.2200000;584.530
AFLT;60;20210913;180000;67.2200000;67.4200000;67.1400000;67.3400000;340.560
AFLT;60;20210913;190000;67.3400000;67.4200000;67.1600000;67.1800000;379.350
AFLT;60;20210913;200000;67.1800000;67.3400000;67.1400000;67.3400000;92.350
AFLT;60;20210913;210000;67.3200000;67.4000000;67.2600000;67.3800000;121.250
AFLT;60;20210913;220000;67.3800000;67.4000000;67.3200000;67.3800000;56.400
AFLT;60;20210913;230000;67.4000000;67.4000000;67.3200000;67.3800000;98.760
AFLT;60;20210914;000000;67.3800000;67.3800000;67.3400000;67.3800000;205.440
AFLT;60;20210914;110000;67.5000000;67.6400000;66.9200000;67.1600000;1.341.170
AFLT;60;20210914;120000;67.1600000;67.1800000;66.9800000;67.0400000;569.420
AFLT;60;20210914;130000;67.0600000;67.1400000;66.9400000;67.0200000;443.200
AFLT;60;20210914;140000;67.0200000;67.1200000;67.0000000;67.0400000;200.870
AFLT;60;20210914;150000;67.0800000;67.1000000;66.9600000;67.0000000;397.320
AFLT;60;20210914;160000;67.0000000;67.1200000;66.9200000;67.1200000;252.070
AFLT;60;20210914;170000;67.1000000;67.1600000;67.0400000;67.1400000;300.930
AFLT;60;20210914;180000;67.1400000;67.1600000;66.9200000;67.0600000;505.740
AFLT;60;20210914;190000;67.0600000;67.1000000;66.9200000;66.9200000;267.200
AFLT;60;20210914;200000;66.9200000;67.1200000;66.9200000;67.0200000;138.510
AFLT;60;20210914;210000;67.0200000;67.0800000;67.0000000;67.0200000;68.830
AFLT;60;20210914;220000;67.0600000;67.0800000;67.0000000;67.0200000;98.720
AFLT;60;20210914;230000;67.0200000;67.0600000;66.9200000;67.0400000;224.050
AFLT;60;20210915;000000;67.0200000;67.0400000;66.9200000;66.9800000;59.580
AFLT;60;20210915;110000;66.9000000;67.0800000;66.6600000;66.9400000;1.325.190
AFLT;60;20210915;120000;66.9400000;67.0600000;66.8000000;67.0000000;612.590
AFLT;60;20210915;130000;66.9800000;67.1400000;66.9200000;67.0800000;454.050
AFLT;60;20210915;140000;67.0200000;67.1200000;66.9400000;67.0200000;416.080
AFLT;60;20210915;150000;66.9800000;67.0600000;66.9000000;66.9600000;247.110
AFLT;60;20210915;160000;66.9600000;67.0600000;66.9200000;67.0200000;181.430
AFLT;60;20210915;170000;67.0600000;67.1200000;66.9000000;66.9600000;862.530
AFLT;60;20210915;180000;67.0200000;67.0400000;66.8800000;66.8800000;385.700
AFLT;60;20210915;190000;66.9400000;67.1600000;66.8600000;66.9800000;587.040
AFLT;60;20210915;200000;66.9800000;67.1000000;66.9200000;67.0000000;159.050
AFLT;60;20210915;210000;67.0000000;67.0800000;66.9000000;67.0600000;139.040
AFLT;60;20210915;220000;67.0600000;67.0600000;66.9200000;66.9200000;66.050
AFLT;60;20210915;230000;66.9200000;67.0400000;66.9200000;67.0000000;57.090
AFLT;60;20210916;000000;67.0000000;67.1000000;66.9400000;67.0200000;92.420
AFLT;60;20210916;110000;67.1800000;67.1800000;66.8200000;66.9600000;559.350
AFLT;60;20210916;120000;66.9600000;67.2000000;66.9000000;67.1000000;535.350
AFLT;60;20210916;130000;67.0600000;67.2000000;66.9400000;67.0000000;298.110
AFLT;60;20210916;140000;67.0000000;67.0800000;66.9000000;66.9800000;935.950
AFLT;60;20210916;150000;67.0000000;67.0000000;66.7600000;66.7800000;1.165.430
AFLT;60;20210916;160000;66.7800000;66.8000000;66.7200000;66.7600000;1.211.840
AFLT;60;20210916;170000;66.7600000;66.8000000;66.4400000;66.8000000;938.350
AFLT;60;20210916;180000;66.7800000;66.8800000;66.5600000;66.6800000;510.560
AFLT;60;20210916;190000;66.6800000;66.8800000;66.3000000;66.6800000;1.584.110
AFLT;60;20210916;200000;66.6800000;66.7400000;66.2800000;66.7000000;387.040
AFLT;60;20210916;210000;66.7000000;66.7200000;66.6000000;66.6800000;85.760
AFLT;60;20210916;220000;66.6800000;66.8200000;66.6400000;66.8200000;111.060
AFLT;60;20210916;230000;66.7400000;66.8000000;66.6000000;66.7000000;113.190
AFLT;60;20210917;000000;66.7000000;66.7400000;66.6200000;66.6400000;49.160
AFLT;60;20210917;110000;66.7400000;66.9000000;66.6200000;66.8200000;1.052.550
AFLT;60;20210917;120000;66.8400000;67.0000000;66.8200000;66.9000000;418.170
AFLT;60;20210917;130000;66.9600000;67.0800000;66.8800000;66.9400000;427.830
AFLT;60;20210917;140000;66.9400000;67.0000000;66.8200000;66.8800000;245.040
AFLT;60;20210917;150000;66.8800000;66.9800000;66.8200000;66.9800000;138.260
AFLT;60;20210917;160000;66.9800000;67.0000000;66.8800000;66.9400000;159.660
AFLT;60;20210917;170000;66.9400000;66.9800000;66.8200000;66.9000000;259.240
AFLT;60;20210917;180000;66.9000000;66.9400000;66.7000000;66.8000000;233.480
AFLT;60;20210917;190000;66.7800000;66.8000000;66.7000000;66.7400000;2.018.700
AFLT;60;20210917;200000;66.7600000;66.8600000;66.7000000;66.7200000;69.160
AFLT;60;20210917;210000;66.7200000;66.8000000;66.7000000;66.7800000;29.350
AFLT;60;20210917;220000;66.7600000;66.8200000;66.7000000;66.8200000;99.620
AFLT;60;20210917;230000;66.8000000;66.8600000;66.7600000;66.7800000;116.820
AFLT;60;20210918;000000;66.7800000;66.8200000;66.6800000;66.8000000;92.890
AFLT;60;20210920;110000;66.8000000;66.8400000;66.2000000;66.4000000;1.637.740
AFLT;60;20210920;120000;66.4000000;66.5200000;66.3200000;66.4600000;317.580
AFLT;60;20210920;130000;66.4800000;66.5600000;66.3800000;66.4000000;370.620
AFLT;60;20210920;140000;66.4000000;66.4200000;66.3200000;66.3400000;200.960
AFLT;60;20210920;150000;66.3600000;66.4000000;66.2200000;66.2600000;275.980
AFLT;60;20210920;160000;66.2200000;66.3200000;66.0000000;66.1800000;1.297.000
AFLT;60;20210920;170000;66.1600000;66.2200000;66.1200000;66.2000000;815.040
AFLT;60;20210920;180000;66.2000000;66.3000000;66.1000000;66.2600000;366.480
AFLT;60;20210920;190000;66.2200000;66.2800000;66.1000000;66.1000000;282.810
AFLT;60;20210920;200000;66.1000000;66.2400000;66.1000000;66.1400000;121.940
AFLT;60;20210920;210000;66.1400000;66.1800000;66.0800000;66.1000000;219.210
AFLT;60;20210920;220000;66.0800000;66.1200000;66.0600000;66.1000000;171.880
AFLT;60;20210920;230000;66.1000000;66.1800000;65.8400000;66.1000000;419.370
AFLT;60;20210921;000000;66.1000000;66.1800000;66.0000000;66.1600000;79.990
AFLT;60;20210921;110000;66.2200000;66.8200000;66.2000000;66.8000000;1.617.170
AFLT;60;20210921;120000;66.8000000;67.1000000;66.7400000;66.8200000;1.386.600
AFLT;60;20210921;130000;66.8200000;66.8200000;66.7600000;66.7800000;730.560
AFLT;60;20210921;140000;66.8000000;66.8200000;66.6800000;66.7600000;484.740
AFLT;60;20210921;150000;66.7200000;66.8000000;66.6400000;66.7200000;259.460
AFLT;60;20210921;160000;66.7200000;67.0200000;66.7000000;66.9600000;1.069.670
AFLT;60;20210921;170000;66.9600000;66.9800000;66.7400000;66.8200000;199.210
AFLT;60;20210921;180000;66.8200000;67.0200000;66.5800000;66.9400000;856.550
AFLT;60;20210921;190000;66.9600000;67.1000000;66.9000000;67.1000000;650.570
AFLT;60;20210921;200000;67.1000000;67.1200000;66.9600000;67.0200000;207.550
AFLT;60;20210921;210000;67.0800000;67.1000000;66.9200000;67.0200000;118.860
AFLT;60;20210921;220000;67.0000000;67.0800000;66.9600000;67.0600000;135.360
AFLT;60;20210921;230000;67.0600000;67.1400000;67.0400000;67.1200000;92.150
AFLT;60;20210922;000000;67.1400000;67.1800000;67.1000000;67.1200000;98.890
AFLT;60;20210922;110000;67.3400000;67.5000000;67.0400000;67.1200000;1.433.850
AFLT;60;20210922;120000;67.1000000;67.2600000;66.8800000;67.0200000;505.060
AFLT;60;20210922;130000;67.0000000;67.1000000;66.8200000;66.8800000;400.720
AFLT;60;20210922;140000;66.8400000;66.9600000;66.6200000;66.7000000;596.750
AFLT;60;20210922;150000;66.7400000;66.8200000;66.6400000;66.8200000;530.910
AFLT;60;20210922;160000;66.8200000;66.9800000;66.7800000;66.9200000;400.530
AFLT;60;20210922;170000;66.9000000;66.9200000;66.8000000;66.8400000;346.020
AFLT;60;20210922;180000;66.8400000;66.9600000;66.8200000;66.8600000;314.960
AFLT;60;20210922;190000;66.8600000;66.9000000;66.7800000;66.8600000;496.020
AFLT;60;20210922;200000;66.9200000;66.9800000;66.8000000;66.9000000;106.340
AFLT;60;20210922;210000;66.9000000;67.1600000;66.8000000;67.1600000;385.550
AFLT;60;20210922;220000;67.1200000;67.3400000;67.0200000;67.1000000;630.440
AFLT;60;20210922;230000;67.1000000;67.3000000;67.0600000;67.2800000;347.280
AFLT;60;20210923;000000;67.2200000;67.3400000;67.1600000;67.2800000;243.230
AFLT;60;20210923;110000;67.4800000;67.4800000;67.0600000;67.3400000;920.970
AFLT;60;20210923;120000;67.3400000;67.4000000;67.0400000;67.0600000;352.550
AFLT;60;20210923;130000;67.0600000;67.0600000;66.7800000;66.9400000;1.509.880
AFLT;60;20210923;140000;66.9800000;66.9800000;66.7600000;66.8600000;390.140
AFLT;60;20210923;150000;66.8000000;67.0800000;66.7400000;66.9800000;813.200
AFLT;60;20210923;160000;66.9800000;67.1000000;66.8200000;66.8200000;373.890
AFLT;60;20210923;170000;66.8200000;66.9200000;66.7800000;66.8200000;269.520
AFLT;60;20210923;180000;66.8400000;67.0000000;66.8000000;66.9200000;290.970
AFLT;60;20210923;190000;66.9200000;67.1000000;66.9000000;66.9800000;373.490
AFLT;60;20210923;200000;66.9200000;67.1000000;66.7800000;67.0600000;213.450
AFLT;60;20210923;210000;67.0600000;67.1800000;67.0200000;67.1400000;91.500
AFLT;60;20210923;220000;67.1000000;67.1600000;67.0800000;67.1200000;104.850
AFLT;60;20210923;230000;67.1200000;67.1200000;67.0200000;67.1000000;33.910
AFLT;60;20210924;000000;67.0600000;67.1400000;67.0000000;67.1000000;49.230
AFLT;60;20210924;110000;67.0200000;67.1000000;66.8600000;67.0000000;408.190
AFLT;60;20210924;120000;67.0000000;67.0000000;66.8800000;66.9000000;163.660
AFLT;60;20210924;130000;66.9400000;67.0000000;66.8400000;66.9400000;179.750
AFLT;60;20210924;140000;66.9400000;68.4200000;66.9200000;68.3200000;4.991.230
AFLT;60;20210924;150000;68.2800000;68.6600000;68.1000000;68.3800000;3.092.410
AFLT;60;20210924;160000;68.3800000;68.4400000;67.8200000;67.9600000;1.160.020
AFLT;60;20210924;170000;67.9600000;67.9600000;67.4400000;67.6400000;1.860.630
AFLT;60;20210924;180000;67.6400000;68.0400000;67.4600000;68.0400000;1.539.140
AFLT;60;20210924;190000;68.0600000;69.0000000;68.0000000;68.9800000;5.210.560
AFLT;60;20210924;200000;69.0800000;69.3600000;68.4200000;68.8200000;2.760.550
AFLT;60;20210924;210000;68.9000000;68.9000000;68.7000000;68.7800000;405.670
AFLT;60;20210924;220000;68.7400000;68.7800000;68.6200000;68.7000000;330.310
AFLT;60;20210924;230000;68.7000000;69.1800000;68.7000000;69.0800000;605.360
AFLT;60;20210925;000000;69.1400000;69.2400000;68.8000000;69.1000000;472.110
AFLT;60;20210927;110000;69.1800000;69.3400000;68.4800000;68.7000000;2.397.360
AFLT;60;20210927;120000;68.7000000;68.9400000;68.3200000;68.5000000;1.496.460
AFLT;60;20210927;130000;68.5600000;69.0000000;68.5000000;68.9400000;521.860
AFLT;60;20210927;140000;68.9800000;68.9800000;68.5600000;68.5800000;752.580
AFLT;60;20210927;150000;68.5600000;68.8800000;68.5400000;68.6000000;384.400
AFLT;60;20210927;160000;68.6000000;70.0000000;68.4600000;69.8000000;4.462.180
AFLT;60;20210927;170000;69.8600000;71.4400000;69.5800000;70.9000000;12.668.920
AFLT;60;20210927;180000;70.8800000;71.0000000;70.3600000;70.6000000;2.767.300
AFLT;60;20210927;190000;70.5600000;71.0000000;70.4200000;70.8000000;2.126.200
AFLT;60;20210927;200000;70.9400000;70.9600000;70.5200000;70.5200000;656.670
AFLT;60;20210927;210000;70.5200000;70.5400000;70.0800000;70.3400000;653.020
AFLT;60;20210927;220000;70.3400000;70.4600000;70.2000000;70.4400000;381.010
AFLT;60;20210927;230000;70.3800000;70.6200000;70.3600000;70.4400000;562.470
AFLT;60;20210928;000000;70.5000000;70.5000000;70.2800000;70.4000000;744.700
AFLT;60;20210928;110000;70.5000000;70.7400000;69.8000000;70.3000000;3.379.450
AFLT;60;20210928;120000;70.2400000;70.3400000;69.8000000;69.8400000;1.563.440
AFLT;60;20210928;130000;69.8600000;70.1800000;69.8000000;69.9600000;577.210
AFLT;60;20210928;140000;69.9600000;70.0800000;69.8400000;69.9400000;492.240
AFLT;60;20210928;150000;69.9200000;69.9600000;69.5200000;69.6400000;1.038.250
AFLT;60;20210928;160000;69.6400000;69.7000000;69.5200000;69.5200000;521.220
AFLT;60;20210928;170000;69.5200000;69.6200000;68.8600000;69.2400000;3.114.720
AFLT;60;20210928;180000;69.2400000;69.2600000;68.4200000;69.0800000;2.725.860
AFLT;60;20210928;190000;69.0800000;69.1000000;68.6800000;68.7400000;580.240
AFLT;60;20210928;200000;68.7400000;68.9200000;68.2000000;68.6600000;690.620
AFLT;60;20210928;210000;68.7000000;68.9000000;68.6600000;68.8000000;178.240
AFLT;60;20210928;220000;68.7800000;68.8400000;68.6600000;68.7600000;247.840
AFLT;60;20210928;230000;68.7600000;69.0200000;68.4600000;69.0200000;936.040
AFLT;60;20210929;000000;69.0200000;69.1800000;69.0000000;69.1200000;199.100
AFLT;60;20210929;110000;68.8600000;72.0000000;68.8000000;70.4000000;10.496.770
AFLT;60;20210929;120000;70.4000000;70.6600000;70.0000000;70.2200000;2.048.590
AFLT;60;20210929;130000;70.2200000;70.2400000;69.7000000;69.7600000;1.921.140
AFLT;60;20210929;140000;69.7600000;70.3000000;69.7200000;70.2800000;999.580
AFLT;60;20210929;150000;70.2800000;70.5600000;70.1400000;70.1600000;1.111.720
AFLT;60;20210929;160000;70.1600000;70.2000000;69.8200000;69.9400000;510.780
AFLT;60;20210929;170000;70.0000000;70.2000000;69.9400000;70.0800000;784.550
AFLT;60;20210929;180000;70.1400000;70.1400000;69.9600000;70.0000000;601.520
AFLT;60;20210929;190000;70.0000000;70.1000000;69.9400000;70.1000000;1.099.830
AFLT;60;20210929;200000;70.1000000;70.2600000;70.0000000;70.0800000;507.920
AFLT;60;20210929;210000;70.0600000;70.1400000;70.0000000;70.0000000;173.480
AFLT;60;20210929;220000;70.0000000;70.1000000;69.9600000;69.9600000;169.780
AFLT;60;20210929;230000;69.9600000;70.0000000;69.5800000;69.6600000;418.750
AFLT;60;20210930;000000;69.6600000;69.9200000;69.6000000;69.9000000;174.200
AFLT;60;20210930;110000;70.1200000;70.2200000;69.8200000;69.9800000;858.220
AFLT;60;20210930;120000;69.9800000;70.1800000;69.8600000;69.9200000;624.180
AFLT;60;20210930;130000;69.9600000;69.9600000;69.4400000;69.7200000;794.450
AFLT;60;20210930;140000;69.7200000;69.7800000;69.4000000;69.5200000;885.060
AFLT;60;20210930;150000;69.6000000;69.6200000;69.3400000;69.4200000;355.830
AFLT;60;20210930;160000;69.4000000;71.8000000;69.3000000;70.8400000;7.284.630
AFLT;60;20210930;170000;70.8400000;70.9400000;70.1800000;70.3200000;1.568.420
AFLT;60;20210930;180000;70.3200000;70.6000000;69.5600000;69.8200000;2.498.350
AFLT;60;20210930;190000;69.8200000;70.2800000;69.7000000;69.8400000;1.349.640
AFLT;60;20210930;200000;69.9800000;69.9800000;69.6000000;69.7200000;264.330
AFLT;60;20210930;210000;69.7200000;69.8000000;69.6600000;69.7000000;181.670
AFLT;60;20210930;220000;69.7200000;69.9800000;69.5600000;69.8800000;734.820
AFLT;60;20210930;230000;69.8000000;70.1000000;69.8000000;69.9200000;288.140
AFLT;60;20211001;000000;69.9200000;69.9600000;69.8200000;69.9600000;64.300
AFLT;60;20211001;110000;69.8800000;69.8800000;69.0600000;69.3000000;1.182.990
AFLT;60;20211001;120000;69.3000000;70.7000000;69.0600000;70.4800000;4.036.330
AFLT;60;20211001;130000;70.4400000;70.9800000;70.1400000;70.2400000;1.975.870
AFLT;60;20211001;140000;70.2400000;70.3000000;69.9600000;70.2400000;501.140
AFLT;60;20211001;150000;70.2200000;70.3000000;70.0400000;70.1600000;372.760
AFLT;60;20211001;160000;70.1600000;70.1600000;70.0000000;70.1000000;157.680
AFLT;60;20211001;170000;70.1000000;70.2000000;69.9400000;70.0800000;449.370
AFLT;60;20211001;180000;70.0400000;70.1200000;69.8800000;69.9400000;405.160
AFLT;60;20211001;190000;69.9800000;70.3000000;69.9400000;70.3000000;528.880
AFLT;60;20211001;200000;70.0600000;70.2800000;69.9200000;70.0000000;182.320
AFLT;60;20211001;210000;70.0000000;70.1200000;69.9400000;70.0000000;96.000
AFLT;60;20211001;220000;70.0800000;70.1400000;70.0000000;70.1000000;84.540
AFLT;60;20211001;230000;70.1000000;70.1200000;70.0000000;70.0800000;69.910
AFLT;60;20211002;000000;70.0800000;70.1400000;69.9600000;70.0000000;259.380
AFLT;60;20211004;110000;70.2800000;70.3600000;69.9200000;70.2000000;1.026.000
AFLT;60;20211004;120000;70.2200000;70.3000000;69.9000000;69.9800000;710.070
AFLT;60;20211004;130000;69.9800000;69.9800000;69.7200000;69.7400000;431.640
AFLT;60;20211004;140000;69.7400000;69.8200000;69.6200000;69.8000000;439.560
AFLT;60;20211004;150000;69.7800000;69.8400000;69.7600000;69.8000000;380.110
AFLT;60;20211004;160000;69.8000000;69.8800000;69.7600000;69.8200000;595.550
AFLT;60;20211004;170000;69.8200000;69.8400000;69.5400000;69.5400000;1.468.650
AFLT;60;20211004;180000;69.5800000;69.7000000;69.1600000;69.4000000;1.665.020
AFLT;60;20211004;190000;69.3800000;69.4000000;69.0200000;69.2600000;931.520
AFLT;60;20211004;200000;69.3200000;69.4200000;69.1600000;69.3000000;170.820
AFLT;60;20211004;210000;69.3000000;69.3400000;69.0400000;69.1800000;258.430
AFLT;60;20211004;220000;69.1600000;69.1800000;69.0400000;69.1000000;220.730
AFLT;60;20211004;230000;69.1200000;69.2800000;69.1000000;69.2400000;276.710
AFLT;60;20211005;000000;69.2400000;69.2800000;69.1600000;69.2200000;107.940
AFLT;60;20211005;110000;69.2200000;69.4000000;69.0400000;69.2600000;788.850
AFLT;60;20211005;120000;69.2000000;69.4400000;69.1800000;69.2600000;522.560
AFLT;60;20211005;130000;69.2200000;69.7000000;69.1000000;69.6800000;1.086.880
AFLT;60;20211005;140000;69.6600000;69.8800000;69.6400000;69.8000000;1.468.330
AFLT;60;20211005;150000;69.7800000;70.0400000;69.7800000;69.7800000;1.405.210
AFLT;60;20211005;160000;69.8000000;70.0000000;69.7800000;69.8400000;529.810
AFLT;60;20211005;170000;69.8400000;69.9800000;69.7800000;69.9200000;542.180
AFLT;60;20211005;180000;69.9400000;70.0600000;69.8000000;69.8600000;552.510
AFLT;60;20211005;190000;69.8600000;69.9600000;69.7800000;69.9200000;363.780
AFLT;60;20211005;200000;69.9000000;69.9200000;69.7800000;69.8000000;432.790
AFLT;60;20211005;210000;69.7800000;69.8000000;69.6400000;69.7000000;141.110
AFLT;60;20211005;220000;69.7000000;69.9200000;69.4400000;69.7000000;742.930
AFLT;60;20211005;230000;69.7400000;69.8800000;69.6800000;69.8600000;390.680
AFLT;60;20211006;000000;69.8200000;69.9000000;69.7200000;69.8600000;132.500
AFLT;60;20211006;110000;70.0000000;70.0600000;69.6000000;69.6000000;1.004.790
AFLT;60;20211006;120000;69.6000000;69.6600000;69.1600000;69.3000000;1.149.320
AFLT;60;20211006;130000;69.3400000;69.5000000;69.2800000;69.4200000;639.340
AFLT;60;20211006;140000;69.4400000;71.5000000;69.3600000;70.8200000;5.792.590
AFLT;60;20211006;150000;70.8600000;71.5000000;70.4000000;70.4200000;5.583.310
AFLT;60;20211006;160000;70.4200000;70.9000000;70.3200000;70.8000000;1.461.980
AFLT;60;20211006;170000;70.8000000;70.8800000;70.3800000;70.4600000;1.688.530
AFLT;60;20211006;180000;70.4600000;70.7800000;70.4000000;70.7800000;1.238.200
AFLT;60;20211006;190000;70.7600000;70.7800000;70.4400000;70.7000000;1.650.130
AFLT;60;20211006;200000;70.7000000;70.8200000;70.5600000;70.7200000;287.840
AFLT;60;20211006;210000;70.7200000;70.7600000;70.5200000;70.6200000;501.980
AFLT;60;20211006;220000;70.5800000;70.6400000;70.5000000;70.5600000;196.690
AFLT;60;20211006;230000;70.5600000;70.7000000;70.4000000;70.6800000;393.820
AFLT;60;20211007;000000;70.6800000;70.7000000;70.5400000;70.6400000;58.790
AFLT;60;20211007;110000;70.9000000;71.2600000;70.6400000;71.0200000;2.434.310
AFLT;60;20211007;120000;71.0000000;71.1200000;70.7400000;70.9000000;1.769.310
AFLT;60;20211007;130000;70.8600000;71.4400000;70.8600000;71.2400000;2.340.720
AFLT;60;20211007;140000;71.2200000;71.4400000;71.0800000;71.3000000;1.190.970
AFLT;60;20211007;150000;71.3000000;71.7800000;71.2000000;71.4000000;2.514.910
AFLT;60;20211007;160000;71.4200000;71.4200000;71.2000000;71.3000000;923.670
AFLT;60;20211007;170000;71.3000000;71.4000000;71.1200000;71.3600000;760.430
AFLT;60;20211007;180000;71.3600000;71.4000000;71.2000000;71.2000000;553.990
AFLT;60;20211007;190000;71.2200000;71.2200000;70.9000000;71.0600000;698.930
AFLT;60;20211007;200000;71.0200000;71.1400000;70.8600000;71.0600000;252.420
AFLT;60;20211007;210000;71.0600000;71.1000000;71.0000000;71.0200000;445.650
AFLT;60;20211007;220000;71.0800000;71.1000000;70.9800000;71.0400000;169.820
AFLT;60;20211007;230000;70.9800000;71.0600000;70.9800000;71.0600000;122.860
AFLT;60;20211008;000000;71.0600000;71.1000000;70.9800000;71.0600000;126.720
AFLT;60;20211008;110000;71.3400000;71.4600000;71.0000000;71.1800000;2.104.150
AFLT;60;20211008;120000;71.2000000;71.4400000;71.1600000;71.3000000;459.100
AFLT;60;20211008;130000;71.3000000;71.3800000;71.2000000;71.2400000;461.390
AFLT;60;20211008;140000;71.2600000;71.2600000;70.9000000;71.0600000;766.910
AFLT;60;20211008;150000;71.0400000;71.7000000;71.0000000;71.2600000;2.181.270
AFLT;60;20211008;160000;71.2600000;71.2800000;71.0200000;71.2800000;558.630
AFLT;60;20211008;170000;71.2800000;72.0400000;71.1000000;71.4600000;5.175.100
AFLT;60;20211008;180000;71.4800000;71.4800000;71.3800000;71.4600000;267.160
AFLT;60;20211008;190000;71.4600000;71.4600000;70.9800000;70.9800000;1.055.870
AFLT;60;20211008;200000;70.9000000;71.0400000;70.4600000;70.9200000;608.640
AFLT;60;20211008;210000;70.9800000;71.0200000;70.8800000;70.9400000;161.030
AFLT;60;20211008;220000;70.9600000;71.0000000;70.9400000;70.9800000;73.000
AFLT;60;20211008;230000;70.9800000;71.0600000;70.9200000;71.0000000;118.690
AFLT;60;20211009;000000;70.9800000;71.0000000;70.8400000;70.9800000;112.990
AFLT;60;20211011;110000;71.1000000;71.2000000;70.6000000;70.7000000;1.519.670
AFLT;60;20211011;120000;70.7000000;70.7200000;70.4400000;70.5400000;906.870
AFLT;60;20211011;130000;70.5400000;70.6200000;70.2800000;70.6000000;593.890
AFLT;60;20211011;140000;70.5600000;70.6000000;70.3800000;70.5800000;367.630
AFLT;60;20211011;150000;70.5200000;70.7200000;70.5000000;70.6400000;302.750
AFLT;60;20211011;160000;70.6600000;70.7600000;70.4600000;70.4800000;475.820
AFLT;60;20211011;170000;70.4800000;70.5000000;70.3000000;70.3400000;395.810
AFLT;60;20211011;180000;70.4000000;70.5000000;70.2600000;70.4800000;374.800
AFLT;60;20211011;190000;70.4600000;70.5000000;70.2400000;70.3200000;388.480
AFLT;60;20211011;200000;70.4400000;70.4800000;70.3200000;70.4600000;106.310
AFLT;60;20211011;210000;70.4600000;70.4600000;70.3800000;70.4600000;58.790
AFLT;60;20211011;220000;70.4600000;70.4800000;70.4400000;70.4400000;95.800
AFLT;60;20211011;230000;70.4800000;70.4800000;70.3600000;70.4000000;81.520
AFLT;60;20211012;000000;70.3800000;70.4200000;70.2200000;70.3600000;160.960
AFLT;60;20211012;110000;70.3000000;70.7400000;70.0200000;70.4800000;1.348.060
AFLT;60;20211012;120000;70.4600000;70.6000000;70.4000000;70.5600000;555.570
AFLT;60;20211012;130000;70.5200000;70.5800000;70.4400000;70.5200000;209.530
AFLT;60;20211012;140000;70.5200000;70.5200000;70.2800000;70.3800000;218.480
AFLT;60;20211012;150000;70.3800000;70.5000000;70.3000000;70.4200000;316.950
AFLT;60;20211012;160000;70.3600000;70.7400000;70.3400000;70.6600000;536.050
AFLT;60;20211012;170000;70.6400000;70.6600000;70.4600000;70.5200000;335.240
AFLT;60;20211012;180000;70.5400000;70.6200000;70.2600000;70.4000000;389.720
AFLT;60;20211012;190000;70.3600000;70.5000000;70.3000000;70.3800000;251.300
AFLT;60;20211012;200000;70.5200000;70.5200000;70.2800000;70.4200000;186.160
AFLT;60;20211012;210000;70.4200000;70.4600000;70.2800000;70.4000000;86.490
AFLT;60;20211012;220000;70.3400000;70.5000000;70.3400000;70.4800000;136.450
AFLT;60;20211012;230000;70.4800000;70.8400000;70.4600000;70.6600000;420.010
AFLT;60;20211013;000000;70.7200000;70.8800000;70.5200000;70.7000000;280.290
AFLT;60;20211013;110000;70.5000000;70.7200000;70.1200000;70.4800000;1.322.730
AFLT;60;20211013;120000;70.4200000;70.6600000;70.2000000;70.4200000;634.930
AFLT;60;20211013;130000;70.4200000;70.6400000;70.3400000;70.4200000;397.720
AFLT;60;20211013;140000;70.4600000;70.8000000;70.4000000;70.5600000;432.310
AFLT;60;20211013;150000;70.5800000;70.6000000;70.3600000;70.4600000;410.660
AFLT;60;20211013;160000;70.4600000;70.4600000;70.1800000;70.2200000;611.990
AFLT;60;20211013;170000;70.2200000;70.2800000;70.0400000;70.0600000;653.360
AFLT;60;20211013;180000;70.0800000;70.1800000;69.7800000;70.1600000;1.289.650
AFLT;60;20211013;190000;70.1600000;70.4600000;70.1600000;70.3000000;623.540
AFLT;60;20211013;200000;70.2000000;70.2800000;69.9400000;69.9800000;199.440
AFLT;60;20211013;210000;69.9800000;70.1200000;69.9600000;70.0600000;175.280
AFLT;60;20211013;220000;70.1200000;70.3400000;70.0400000;70.2000000;279.200
AFLT;60;20211013;230000;70.2200000;70.2400000;70.1000000;70.2400000;118.280
AFLT;60;20211014;000000;70.2400000;70.2400000;70.1400000;70.2200000;26.370
AFLT;60;20211014;110000;70.2200000;70.3800000;69.9000000;70.2200000;989.030
AFLT;60;20211014;120000;70.1600000;70.3800000;70.0200000;70.3200000;532.240
AFLT;60;20211014;130000;70.3200000;70.3800000;70.1800000;70.3000000;275.870
AFLT;60;20211014;140000;70.2800000;70.3400000;70.0000000;70.1200000;742.880
AFLT;60;20211014;150000;70.1200000;70.3200000;70.0600000;70.1800000;594.160
AFLT;60;20211014;160000;70.1600000;70.2000000;69.9600000;70.0400000;696.850
AFLT;60;20211014;170000;70.0000000;70.0400000;69.9000000;70.0400000;423.270
AFLT;60;20211014;180000;70.0600000;70.2200000;69.9800000;70.0000000;1.021.940
AFLT;60;20211014;190000;70.0200000;70.0400000;69.8000000;69.8200000;542.160
AFLT;60;20211014;200000;69.9000000;70.0800000;69.8000000;69.9600000;133.690
AFLT;60;20211014;210000;69.9800000;70.0000000;69.9000000;69.9000000;141.120
AFLT;60;20211014;220000;69.9400000;69.9400000;69.8200000;69.9000000;120.150
AFLT;60;20211014;230000;69.9000000;69.9800000;69.8600000;69.8800000;65.360
AFLT;60;20211015;000000;69.8800000;70.1400000;69.8600000;70.0800000;238.750
AFLT;60;20211015;110000;70.0600000;70.2600000;69.8600000;70.0000000;491.910
AFLT;60;20211015;120000;70.0000000;70.1600000;69.9000000;69.9600000;336.320
AFLT;60;20211015;130000;69.9600000;70.0400000;69.8600000;69.9600000;278.880
AFLT;60;20211015;140000;69.9200000;69.9800000;69.6800000;69.8000000;645.830
AFLT;60;20211015;150000;69.7600000;69.9000000;69.7000000;69.7200000;219.490
AFLT;60;20211015;160000;69.7600000;69.8600000;69.5400000;69.6000000;931.670
AFLT;60;20211015;170000;69.6200000;69.7800000;69.5000000;69.7600000;739.310
AFLT;60;20211015;180000;69.7000000;69.7600000;69.5400000;69.5600000;244.450
AFLT;60;20211015;190000;69.5400000;69.7400000;69.5400000;69.6200000;266.880
AFLT;60;20211015;200000;69.6200000;69.8200000;69.5600000;69.8000000;173.810
AFLT;60;20211015;210000;69.8200000;69.8600000;69.7600000;69.8000000;91.920
AFLT;60;20211015;220000;69.8000000;69.9800000;69.5200000;69.6000000;342.720
AFLT;60;20211015;230000;69.6600000;69.7400000;69.6000000;69.7400000;69.680
AFLT;60;20211016;000000;69.7400000;69.7400000;69.6600000;69.6800000;108.410
AFLT;60;20211018;110000;69.6800000;69.7600000;69.3400000;69.4400000;858.300
AFLT;60;20211018;120000;69.4000000;70.1000000;69.3400000;69.7400000;2.263.580
AFLT;60;20211018;130000;69.7200000;69.9600000;69.6400000;69.9000000;356.880
AFLT;60;20211018;140000;69.9000000;70.0800000;69.8600000;70.0400000;362.400
AFLT;60;20211018;150000;70.0400000;70.0400000;69.7600000;69.7800000;377.140
AFLT;60;20211018;160000;69.8000000;69.8000000;69.6600000;69.6800000;232.670
AFLT;60;20211018;170000;69.6800000;69.7400000;69.5800000;69.7400000;187.680
AFLT;60;20211018;180000;69.7400000;69.8600000;69.7000000;69.8000000;343.390
AFLT;60;20211018;190000;69.7600000;69.8600000;69.7200000;69.8200000;216.940
AFLT;60;20211018;200000;69.8200000;69.8200000;69.5200000;69.7200000;259.120
AFLT;60;20211018;210000;69.7200000;69.7400000;69.6600000;69.7200000;89.030
AFLT;60;20211018;220000;69.6800000;69.7800000;69.6800000;69.7600000;38.800
AFLT;60;20211018;230000;69.7600000;69.8200000;69.6800000;69.7600000;102.490
AFLT;60;20211019;000000;69.7400000;69.7800000;69.7000000;69.7600000;36.720
AFLT;60;20211019;110000;69.8200000;69.9400000;69.7000000;69.8400000;351.820
AFLT;60;20211019;120000;69.8600000;69.9800000;69.8400000;69.8800000;333.330
AFLT;60;20211019;130000;69.8600000;69.9400000;69.5200000;69.5600000;1.084.410
AFLT;60;20211019;140000;69.5600000;69.7600000;69.5400000;69.7000000;430.150
AFLT;60;20211019;150000;69.7000000;69.7200000;69.5000000;69.6200000;430.630
AFLT;60;20211019;160000;69.6200000;69.6800000;69.5000000;69.6200000;404.530
AFLT;60;20211019;170000;69.6200000;69.6200000;69.3600000;69.3800000;690.330
AFLT;60;20211019;180000;69.4000000;69.4000000;69.3400000;69.3800000;392.970
AFLT;60;20211019;190000;69.3800000;69.4000000;69.0600000;69.1800000;870.580
AFLT;60;20211019;200000;69.2200000;69.3000000;69.0800000;69.1600000;265.670
AFLT;60;20211019;210000;69.1600000;69.1800000;69.0200000;69.1400000;249.900
AFLT;60;20211019;220000;69.1400000;69.2000000;69.1000000;69.1600000;180.350
AFLT;60;20211019;230000;69.1600000;69.2800000;69.0600000;69.2600000;654.550
AFLT;60;20211020;000000;69.2600000;69.2800000;69.1600000;69.2600000;140.170
AFLT;60;20211020;110000;69.2400000;69.2400000;68.8400000;68.9400000;1.200.880
AFLT;60;20211020;120000;68.9400000;69.0400000;68.9000000;68.9600000;340.250
AFLT;60;20211020;130000;68.9800000;69.0000000;68.8400000;68.9000000;333.700
AFLT;60;20211020;140000;68.9200000;69.0600000;68.7200000;68.8200000;677.290
AFLT;60;20211020;150000;68.8200000;68.9200000;68.6000000;68.6200000;426.390
AFLT;60;20211020;160000;68.6400000;68.6600000;68.4600000;68.6000000;1.215.920
AFLT;60;20211020;170000;68.5600000;68.6000000;68.3000000;68.3800000;872.590
AFLT;60;20211020;180000;68.3400000;68.6400000;68.2000000;68.6200000;932.160
AFLT;60;20211020;190000;68.6200000;68.7600000;68.5000000;68.6400000;343.760
AFLT;60;20211020;200000;68.6400000;68.7400000;68.5000000;68.6000000;257.270
AFLT;60;20211020;210000;68.5800000;68.7000000;68.5000000;68.6400000;262.670
AFLT;60;20211020;220000;68.6400000;68.6600000;68.5800000;68.6200000;75.850
AFLT;60;20211020;230000;68.6200000;68.6200000;68.5800000;68.6000000;61.680
AFLT;60;20211021;000000;68.6000000;68.6200000;68.5800000;68.5800000;69.470
AFLT;60;20211021;110000;68.5000000;68.7000000;68.3200000;68.7000000;725.840
AFLT;60;20211021;120000;68.7000000;68.7800000;68.5600000;68.7400000;490.920
AFLT;60;20211021;130000;68.7400000;69.1600000;68.6400000;68.8600000;1.084.850
AFLT;60;20211021;140000;68.8600000;68.8800000;68.1400000;68.2400000;1.393.150
AFLT;60;20211021;150000;68.2400000;68.4000000;68.0000000;68.0600000;1.274.170
AFLT;60;20211021;160000;68.0600000;68.1600000;67.8600000;68.0200000;947.740
AFLT;60;20211021;170000;68.0200000;68.0400000;67.6000000;67.6200000;1.336.440
AFLT;60;20211021;180000;67.6200000;67.7000000;67.4000000;67.4800000;1.396.130
AFLT;60;20211021;190000;67.4600000;67.4800000;67.1200000;67.3200000;1.605.840
AFLT;60;20211021;200000;67.4400000;67.6200000;67.3000000;67.4400000;346.350
AFLT;60;20211021;210000;67.4400000;67.7800000;67.4200000;67.6600000;458.440
AFLT;60;20211021;220000;67.6600000;67.8200000;67.6200000;67.7600000;270.240
AFLT;60;20211021;230000;67.7600000;67.8200000;67.6200000;67.6800000;133.300
AFLT;60;20211022;000000;67.6800000;67.7600000;67.6000000;67.6400000;137.790
AFLT;60;20211022;110000;67.7600000;68.0800000;67.6600000;67.9000000;1.665.710
AFLT;60;20211022;120000;67.8600000;68.3200000;67.8600000;68.0800000;713.670
AFLT;60;20211022;130000;68.0800000;68.3000000;67.9600000;68.1200000;666.470
AFLT;60;20211022;140000;68.1400000;68.2000000;67.8200000;67.9400000;541.020
AFLT;60;20211022;150000;67.9400000;68.1800000;67.8600000;68.0600000;264.070
AFLT;60;20211022;160000;68.0600000;68.2200000;68.0000000;68.0600000;370.960
AFLT;60;20211022;170000;68.0200000;68.0800000;67.8000000;67.9000000;336.120
AFLT;60;20211022;180000;67.8800000;68.1400000;67.8400000;67.9800000;581.660
AFLT;60;20211022;190000;67.9800000;68.1000000;67.9000000;68.0000000;334.790
AFLT;60;20211022;200000;68.0000000;68.1400000;67.8000000;67.9200000;230.550
AFLT;60;20211022;210000;67.9200000;68.0000000;67.8600000;67.9400000;62.910
AFLT;60;20211022;220000;67.9400000;68.1000000;67.9000000;68.0000000;145.350
AFLT;60;20211022;230000;68.0000000;68.0200000;67.9400000;68.0200000;41.040
AFLT;60;20211023;000000;68.0000000;68.0800000;67.8200000;67.9000000;172.090
AFLT;60;20211025;110000;67.3800000;68.2000000;67.3200000;68.1400000;1.156.820
AFLT;60;20211025;120000;68.2000000;68.3200000;68.0000000;68.2800000;361.570
AFLT;60;20211025;130000;68.2800000;68.3800000;68.1800000;68.2400000;253.330
AFLT;60;20211025;140000;68.2600000;68.5000000;68.0000000;68.0600000;587.420
AFLT;60;20211025;150000;68.0600000;68.1000000;67.8400000;67.9400000;359.180
AFLT;60;20211025;160000;67.9400000;68.0200000;67.8200000;67.8800000;217.300
AFLT;60;20211025;170000;67.8800000;67.9000000;67.7200000;67.8600000;382.930
AFLT;60;20211025;180000;67.8600000;67.9000000;67.7600000;67.9000000;181.660
AFLT;60;20211025;190000;67.9000000;67.9000000;67.8200000;67.8200000;308.610
AFLT;60;20211025;200000;67.9800000;68.0400000;67.6400000;67.9000000;265.610
AFLT;60;20211025;210000;67.9600000;67.9800000;67.6200000;67.7400000;212.120
AFLT;60;20211025;220000;67.7200000;67.8000000;67.6600000;67.7400000;176.400
AFLT;60;20211025;230000;67.7600000;67.8600000;67.7400000;67.8000000;57.240
AFLT;60;20211026;000000;67.8400000;67.8400000;67.7200000;67.8400000;53.880
AFLT;60;20211026;110000;67.8600000;68.0000000;67.5400000;67.6400000;1.143.380
AFLT;60;20211026;120000;67.6200000;67.8800000;67.5800000;67.8400000;316.790
AFLT;60;20211026;130000;67.8400000;67.9400000;67.7200000;67.8000000;299.330
AFLT;60;20211026;140000;67.8000000;67.9000000;67.5400000;67.6600000;431.630
AFLT;60;20211026;150000;67.6600000;67.8000000;67.6000000;67.7000000;133.810
AFLT;60;20211026;160000;67.7000000;67.8000000;67.6600000;67.7800000;79.310
AFLT;60;20211026;170000;67.7800000;67.8200000;67.7000000;67.7800000;133.890
AFLT;60;20211026;180000;67.7400000;67.8400000;67.6400000;67.7400000;332.900
AFLT;60;20211026;190000;67.7000000;67.7400000;67.5000000;67.6200000;334.680
AFLT;60;20211026;200000;67.5600000;67.7200000;67.5600000;67.6600000;142.360
AFLT;60;20211026;210000;67.6000000;67.6600000;67.5600000;67.5600000;174.050
AFLT;60;20211026;220000;67.5800000;67.6400000;67.5200000;67.5800000;76.630
AFLT;60;20211026;230000;67.5800000;67.6000000;67.5400000;67.5800000;40.490
AFLT;60;20211027;000000;67.5800000;67.5800000;67.5000000;67.5200000;59.940
AFLT;60;20211027;110000;67.5000000;67.5200000;67.1600000;67.4800000;1.046.750
AFLT;60;20211027;120000;67.4400000;68.2600000;67.4000000;68.0000000;1.538.540
AFLT;60;20211027;130000;68.0000000;68.0800000;67.7400000;68.0800000;519.870
AFLT;60;20211027;140000;68.0600000;68.1400000;67.8800000;67.9000000;207.100
AFLT;60;20211027;150000;67.9400000;68.2000000;67.9000000;68.1200000;275.890
AFLT;60;20211027;160000;68.1600000;68.3600000;68.0200000;68.2800000;466.180
AFLT;60;20211027;170000;68.2800000;68.3000000;68.1000000;68.1400000;469.340
AFLT;60;20211027;180000;68.1800000;68.3400000;68.0000000;68.1400000;770.590
AFLT;60;20211027;190000;68.1400000;68.2400000;68.0200000;68.0400000;861.240
AFLT;60;20211027;200000;68.1800000;68.2800000;68.1000000;68.2000000;250.960
AFLT;60;20211027;210000;68.2400000;68.2800000;68.1800000;68.2800000;132.460
AFLT;60;20211027;220000;68.2800000;68.3400000;68.2200000;68.3000000;100.950
AFLT;60;20211027;230000;68.2800000;68.6800000;68.2400000;68.6400000;962.550
AFLT;60;20211028;000000;68.6400000;68.9400000;68.5200000;68.9400000;405.020
AFLT;60;20211028;110000;68.6400000;69.3800000;68.5600000;69.1400000;2.064.430
AFLT;60;20211028;120000;69.1400000;69.1800000;68.8000000;68.9400000;808.040
AFLT;60;20211028;130000;68.9400000;69.0000000;68.0400000;68.1000000;1.771.240
AFLT;60;20211028;140000;68.0800000;68.1400000;67.6200000;68.0200000;1.092.540
AFLT;60;20211028;150000;68.0800000;68.1600000;67.9200000;67.9600000;796.580
AFLT;60;20211028;160000;67.9600000;68.0600000;67.9000000;68.0600000;140.480
AFLT;60;20211028;170000;68.0400000;68.1800000;67.9600000;68.1800000;235.200
AFLT;60;20211028;180000;68.1800000;68.2600000;67.5600000;67.9200000;1.787.580
AFLT;60;20211028;190000;67.9200000;68.2400000;67.7600000;67.7600000;872.220
AFLT;60;20211028;200000;67.9400000;67.9600000;67.7800000;67.9000000;148.340
AFLT;60;20211028;210000;67.9200000;68.0600000;67.9000000;67.9800000;64.790
AFLT;60;20211028;220000;67.9800000;68.1800000;67.8800000;68.1000000;122.220
AFLT;60;20211028;230000;68.1200000;68.2000000;68.0400000;68.1400000;78.890
AFLT;60;20211029;000000;68.1800000;68.2000000;68.0600000;68.1800000;56.540
AFLT;60;20211029;110000;68.1400000;68.2800000;67.8000000;68.0800000;1.083.240
AFLT;60;20211029;120000;68.0800000;68.0800000;67.7400000;67.8600000;498.690
AFLT;60;20211029;130000;67.9200000;69.3400000;67.8400000;68.6800000;4.878.820
AFLT;60;20211029;140000;68.6600000;69.0400000;68.6200000;68.8800000;1.323.190
AFLT;60;20211029;150000;68.8400000;68.9800000;68.5600000;68.7200000;551.060
AFLT;60;20211029;160000;68.7200000;68.8000000;68.5200000;68.5600000;381.380
AFLT;60;20211029;170000;68.5000000;68.6200000;68.4400000;68.4800000;412.080
AFLT;60;20211029;180000;68.4800000;68.5600000;68.3200000;68.5600000;377.580
AFLT;60;20211029;190000;68.5800000;68.7800000;68.4800000;68.7800000;385.940
AFLT;60;20211029;200000;68.7600000;68.9200000;68.5600000;68.8200000;393.880
AFLT;60;20211029;210000;68.8200000;68.8800000;68.5400000;68.6200000;303.400
AFLT;60;20211029;220000;68.5600000;68.6800000;68.4400000;68.5000000;90.540
AFLT;60;20211029;230000;68.5200000;68.6000000;68.4600000;68.5600000;84.360
AFLT;60;20211030;000000;68.5600000;68.6800000;68.3200000;68.4800000;302.070
AFLT;60;20211101;110000;68.5000000;68.8200000;68.1200000;68.2400000;789.540
AFLT;60;20211101;120000;68.2400000;68.3200000;68.0800000;68.1400000;760.290
AFLT;60;20211101;130000;68.1400000;68.2800000;68.1000000;68.1600000;281.480
AFLT;60;20211101;140000;68.1600000;68.2000000;67.9400000;67.9600000;437.520
AFLT;60;20211101;150000;68.0200000;68.1200000;67.9200000;67.9600000;348.210
AFLT;60;20211101;160000;67.9800000;68.0800000;67.8800000;67.8800000;419.050
AFLT;60;20211101;170000;67.9400000;67.9400000;67.7200000;67.8000000;532.110
AFLT;60;20211101;180000;67.8000000;68.0400000;67.7400000;67.9200000;400.010
AFLT;60;20211101;190000;67.8600000;68.0200000;67.8200000;67.8800000;401.760
AFLT;60;20211101;200000;67.9200000;68.0600000;67.8600000;67.9600000;198.080
AFLT;60;20211101;210000;67.9800000;68.0800000;67.9000000;68.0000000;212.500
AFLT;60;20211101;220000;67.9600000;68.1600000;67.9400000;68.1000000;274.890
AFLT;60;20211101;230000;68.0800000;68.1600000;67.8400000;67.9800000;335.920
AFLT;60;20211102;000000;67.9800000;68.0400000;67.8800000;67.9800000;290.290
